4
5
8
16
19
21
23
27
28
32
53
85
88
97
100
106
117
122
127
142
149
150
152
154
165
172
178
179
180
187
188
191
193
199
206
207
210
216
217
220
221
224
231
235
240
243
244
245
250
255
256
261
262
266
271
277
291
297
315
318
321
341
351
357
381
383
387
391
393
402
406
412
414
420
422
425
426
429
433
434
444
447
448
451
458
459
460
465
485
489
505
507
512
518
520
527
528
533
534
536
537
540
541
543
548
552
565
569
573
575
577
592
593
594
600
605
609
611
614
616
619
623
635
637
644
645
646
651
653
656
667
668
670
673
676
679
687
692
697
700
703
712
715
718
722
739
745
765
774
776
787
789
790
791
796
799
809
823
824
832
833
845
846
849
857
859
870
872
883
885
886
887
889
895
901
911
914
917
918
930
956
960
961
967
972
981
982
990
1015
1019
1027
1030
1031
1033
1035
1055
1058
1059
1063
1065
1075
1078
1085
1093
1099
1116
1119
1121
1129
1139
1140
1145
1159
1160
1164
1166
1172
1178
1195
1202
1208
1218
1233
1241
1243
1244
1246
1248
1258
1263
1281
1285
1291
1304
1313
1316
1318
1319
1324
1335
1336
1339
1356
1366
1373
1394
1397
1406
1425
1462
1474
1479
1480
1481
1483
1484
1485
1486
1508
1521
1531
1534
1544
1555
1559
1565
1568
1574
1577
1580
1581
1586
1587
1590
1591
1594
1597
1611
1612
1615
1616
1618
1638
1641
1642
1645
1651
1656
1676
1693
1707
1708
1710
1725
1727
1731
1734
1735
1737
1745
1746
1750
1770
1776
1784
1788
1789
1796
1798
1799
1802
1820
1831
1842
1847
1851
1854
1865
1866
1867
1899
1910
1914
1922
1923
1924
1927
1930
1941
1949
1956
1962
1967
1977
1980
1981
1986
1996
2010
2020
2022
2025
2045
2051
2057
2062
2065
2066
2076
2087
2104
2117
2121
2133
2135
2136
2141
2144
2153
2157
2171
2172
2174
2177
2180
2192
2198
2216
2226
2228
2234
2243
2257
2282
2283
2285
2288
2290
2300
2308
2321
2322
2325
2333
2334
2335
2336
2346
2361
2362
2363
2369
2372
2373
2377
2378
2386
2389
2391
2404
2415
2421
2429
2436
2438
2443
2444
2445
2457
2461
2484
2486
2488
2489
2493
2495
2496
2501
2504
2510
2511
2517
2519
2525
2527
2528
2532
2535
2541
2543
2553
2557
2559
2582
2590
2592
2616
2617
2621
2626
2628
2630
2631
2637
2639
2640
2643
2644
2647
2651
2655
2656
2658
2663
2665
2670
2674
2679
2686
2691
2692
2696
2698
2707
2721
2739
2741
2747
2750
2751
2752
2755
2756
2764
2767
2777
2778
2779
2787
2796
2802
2804
2805
2806
2807
2812
2817
2819
2820
2835
2843
2849
2858
2863
2867
2872
2882
2898
2901
2905
2923
2928
2929
2967
2969
2971
2972
2974
2975
2995
3000
3002
3003
3005
3017
3018
3020
3026
3037
3058
3059
3061
3080
3086
3087
3099
3104
3106
3108
3117
3119
3140
3144
3157
3160
3172
3175
3178
3183
3184
3191
3197
3207
3216
3224
3226
3228
3229
3246
3247
3267
3273
3280
3281
3284
3285
3286
3289
3293
3294
3300
3303
3304
3306
3309
3314
3315
3316
3318
3320
3328
3345
3348
3365
3371
3392
3396
3398
3403
3409
3419
3429
3437
3455
3467
3475
3478
3491
3492
3497
3500
3507
3518
3523
3526
3541
3556
3560
3565
3570
3573
3588
3602
3618
3621
3632
3634
3641
3642
3643
3645
3652
3653
3656
3658
3666
3668
3679
3686
3692
3693
3704
3707
3712
3713
3719
3720
3724
3726
3758
3760
3761
3763
3765
3770
3780
3788
3792
3807
3812
3813
3820
3828
3831
3833
3834
3854
3863
3865
3876
3878
3880
3893
3916
3918
3924
3927
3934
3935
3937
3945
3946
3951
3952
3955
3959
3961
3970
3971
3982
3988
3993
4004
4005
4007
4009
4016
4017
4026
4030
4034
4037
4042
4044
4051
4052
4057
4063
4071
4074
4075
4106
4109
4110
4114
4115
4125
4139
4153
4162
4179
4181
4199
4204
4207
4211
4221
4224
4225
4234
4242
4244
4248
4256
4270
4275
4305
4311
4321
4323
4329
4330
4331
4335
4339
4344
4351
4357
4358
4361
4363
4364
4372
4377
4393
4402
4409
4419
4422
4434
4436
4446
4448
4466
4473
4499
4515
4519
4524
4527
4530
4532
4533
4536
4538
4539
4557
4564
4571
4578
4587
4589
4594
4598
4602
4627
4628
4636
4644
4646
4647
4657
4663
4664
4666
4669
4671
4684
4685
4686
4687
4690
4692
4693
4695
4697
4698
4701
4713
4726
4737
4753
4756
4757
4765
4768
4774
4782
4790
4805
4817
4823
4826
4835
4857
4860
4875
4877
4878
4887
4891
4894
4895
4909
4917
4918
4936
4941
4942
4943
4973
4985
4989
4992
5000
5003
5009
5010
5013
5015
5020
5023
5026
5032
5034
5037
5047
5054
5060
5068
5074
5079
5085
5088
5095
5106
5111
5122
5128
5129
5134
5136
5139
5143
5148
5150
5155
5158
5159
5167
5185
5189
5190
5193
5201
5204
5205
5208
5221
5224
5231
5237
5243
5251
5271
5273
5275
5279
5280
5287
5296
5297
5302
5303
5309
5311
5318
5319
5337
5341
5343
5367
5373
5385
5391
5392
5398
5401
5403
5406
5409
5410
5412
5416
5419
5421
5425
5436
5445
5451
5466
5467
5471
5475
5480
5483
5484
5488
5490
5498
5501
5502
5503
5504
5507
5508
5512
5516
5522
5530
5538
5539
5546
5547
5573
5574
5581
5585
5587
5594
5595
5597
5600
5602
5603
5622
5624
5625
5631
5634
5636
5639
5640
5641
5644
5645
5648
5650
5655
5657
5660
5661
5663
5666
5667
5672
5674
5679
5680
5688
5697
5705
5707
5708
5709
5713
5725
5736
5742
5753
5762
5770
5774
5779
5807
5808
5809
5812
5819
5824
5826
5827
5829
5834
5836
5838
5839
5841
5845
5850
5851
5853
5856
5865
5867
5869
5870
5871
5872
5875
5877
5878
5879
5880
5881
5882
5887
5892
5898
5916
5933
5934
5939
5954
5956
5957
5958
5965
5966
5982
5988
5989
5991
6001
6026
6027
6037
6044
6048
6050
6073
6079
6087
6090
6093
6125
6126
6130
6133
6140
6142
6143
6144
6145
6149
6150
6151
6152
6154
6156
6162
6168
6179
6180
6183
6192
6196
6211
6221
6229
6232
6234
6235
6238
6243
6249
6253
6255
6257
6259
6263
6267
6275
6278
6279
6283
6287
6291
6292
6293
6297
6334
6337
6344
6345
6350
6358
6359
6360
6374
6381
6385
6389
6394
6396
6399
6400
6414
6415
6417
6428
6447
6456
6468
6469
6470
6471
6472
6481
6483
6484
6486
6489
6497
6498
6506
6508
6511
6513
6517
6518
6522
6525
6547
6556
6566
6570
6577
6583
6584
6585
6597
6606
6610
6638
6645
6650
6651
6652
6660
6667
6668
6670
6682
6687
6694
6697
6708
6711
6712
6722
6725
6745
6752
6778
6779
6780
6784
6787
6789
6793
6797
6804
6805
6807
6812
6813
6819
6821
6823
6838
6841
6853
6854
6861
6862
6865
6866
6868
6871
6874
6875
6879
6890
6895
6896
6906
6909
6912
6913
6924
6938
6958
6966
6970
6993
6998
7002
7022
7023
7053
7054
7055
7056
7057
7072
7075
7076
7080
7082
7085
7111
7112
7122
7128
7129
7130
7134
7148
7153
7168
7176
7179
7182
7188
7211
7213
7217
7224
7225
7233
7238
7240
7244
7245
7246
7252
7254
7257
7258
7260
7262
7267
7268
7275
7278
7281
7282
7285
7286
7293
7294
7325
7338
7346
7347
7358
7366
7376
7378
7379
7381
7383
7384
7390
7396
7408
7409
7417
7420
7422
7424
7430
7433
7435
7440
7454
7458
7460
7463
7465
7468
7470
7477
7491
7504
7508
7520
7533
7558
7559
7566
7570
7575
7579
7581
7582
7586
7607
7613
7623
7639
7640
7643
7645
7652
7654
7655
7663
7667
7669
7673
7676
7697
7707
7712
7717
7719
7721
7722
7723
7727
7730
7733
7735
7736
7738
7756
7757
7764
7766
7768
7775
7782
7785
7787
7790
7792
7801
7808
7821
7833
7837
7862
7865
7869
7879
7880
7892
7917
7946
7948
7958
7964
7966
7970
7973
7985
7989
7996
7997
7998
8004
8011
8031
8039
8041
8042
8043
8045
8046
8048
8058
8059
8063
8064
8077
8078
8079
8082
8083
8096
8102
8105
8106
8129
8138
8145
8146
8156
8161
8163
8168
8181
8184
8199
8201
8215
8223
8231
8237
8240
8248
8254
8258
8263
8269
8270
8273
8276
8279
8283
8294
8307
8312
8322
8323
8331
8334
8335
8341
8346
8349
8352
8354
8355
8359
8361
8372
8373
8374
8380
8384
8385
8387
8388
8390
8391
8393
8396
8401
8431
8433
8438
8441
8444
8451
8466
8484
8499
8510
8516
8518
8519
8533
8542
8546
8547
8554
8555
8560
8561
8567
8571
8576
8581
8590
8591
8594
8596
8612
8613
8615
8618
8632
8633
8635
8636
8638
8639
8643
8644
8647
8652
8653
8656
8658
8660
8661
8662
8664
8680
8681
8701
8728
8730
8748
8756
8773
8786
8792
8794
8800
8815
8820
8825
8867
8869
8878
8879
8886
8896
8898
8903
8906
8907
8910
8911
8912
8914
8918
8922
8931
8932
8936
8945
8947
8950
8956
8957
8967
8973
8974
8978
8981
8994
9001
9008
9011
9012
9018
9020
9024
9034
9071
9074
9083
9085
9090
9092
9097
9100
9102
9104
9105
9107
9109
9115
9141
9156
9159
9160
9169
9178
9185
9195
9198
9222
9236
9240
9244
9247
9253
9255
9258
9259
9263
9265
9274
9275
9276
9280
9281
9283
9284
9285
9289
9291
9301
9302
9306
9343
9352
9363
9365
9378
9382
9386
9391
9400
9415
9422
9430
9431
9440
9446
9452
9465
9471
9473
9497
9505
9508
9513
9516
9522
9528
9536
9540
9543
9546
9549
9551
9553
9555
9557
9558
9559
9561
9562
9563
9588
9594
9599
9600
9606
9608
9616
9625
9626
9645
9653
9654
9655
9660
9672
9678
9682
9690
9692
9696
9704
9717
9728
9733
9735
9741
9746
9758
9762
9767
9778
9780
9782
9787
9797
9799
9819
9825
9832
9835
9837
9846
9847
9853
9858
9859
9861
9863
9866
9870
9873
9880
9883
9885
9890
9893
9936
9938
9941
9945
9948
9957
9968
9973
9991
9995
9997
10014
10022
10035
10041
10043
10044
10050
10051
10053
10056
10065
10067
10082
10088
10090
10092
10102
10115
10117
10124
10126
10127
10129
10130
10135
10137
10139
10152
10155
10157
10170
10172
10175
10177
10181
10199
10203
10212
10215
10216
10219
10227
10232
10245
10248
10281
10285
10297
10299
10302
10310
10311
10315
10319
10323
10327
10328
10334
10336
10360
10375
10388
10392
10395
10396
10398
10407
10408
10417
10418
10419
10422
10430
10436
10438
10439
10448
10457
10466
10473
10477
10482
10486
10488
10504
10505
10508
10510
10523
10526
10536
10539
10559
10574
10575
10585
10588
10599
10600
10608
10613
10614
10616
10621
10642
10651
10655
10661
10667
10669
10676
10682
10683
10688
10699
10714
10726
10731
10740
10743
10767
10772
10775
10780
10792
10793
10805
10809
10819
10827
10828
10830
10833
10835
10836
10843
10846
10848
10849
10855
10856
10863
10864
10865
10868
10877
10878
10895
10899
10903
10919
10929
10944
10950
10955
10957
10970
10974
11002
11031
11036
11039
11040
11042
11044
11049
11064
11067
11071
11073
11076
11085
11092
11095
11100
11107
11124
11127
11138
11157
11161
11171
11180
11187
11206
11211
11220
11221
11230
11233
11237
11241
11245
11255
11259
11260
11291
11293
11294
11295
11301
11302
11303
11306
11308
11309
11310
11311
11313
11315
11316
11317
11322
11325
11326
11328
11329
11333
11337
11338
11341
11353
11357
11367
11379
11381
11392
11395
11398
11400
11401
11411
11418
11420
11421
11436
11437
11441
11443
11446
11447
11452
11453
11486
11489
11496
11498
11500
11516
11517
11522
11525
11528
11535
11539
11546
11551
11556
11559
11577
11581
11609
11623
11624
11628
11630
11638
11641
11645
11657
11660
11665
11673
11680
11683
11689
11690
11705
11709
11719
11723
11732
11750
11751
11754
11756
11760
11772
11783
11786
11787
11789
11801
11807
11812
11816
11822
11824
11828
11833
11843
11870
11875
11878
11880
11881
11916
11917
11927
11938
11949
11955
11959
11963
11964
11965
11980
11981
11989
11991
11994
11999
12000
12004
12007
12012
12016
12025
12027
12031
12042
12055
12056
12057
12058
12062
12073
12090
12094
12107
12112
12116
12117
12119
12122
12123
12142
12152
12161
12175
12179
12197
12200
12202
12207
12208
12210
12212
12217
12220
12221
12224
12237
12251
12268
12278
12279
12280
12283
12289
12306
12314
12317
12322
12339
12340
12346
12347
12348
12353
12358
12367
12388
12395
12404
12411
12415
12419
12421
12422
12424
12429
12433
12439
12441
12442
12444
12450
12466
12475
12476
12479
12484
12486
12495
12497
12501
12504
12506
12507
12525
12526
12528
12529
12544
12558
12560
12561
12562
12579
12582
12586
12587
12602
12603
12604
12611
12612
12639
12641
12642
12645
12646
12647
12658
12661
12663
12681
12683
12688
12690
12698
12702
12706
12707
12711
12732
12737
12742
12743
12752
12757
12765
12767
12810
12817
12820
12825
12826
12828
12834
12844
12846
12848
12853
12855
12856
12859
12860
12864
12865
12869
12871
12877
12879
12882
12883
12885
12886
12888
12890
12891
12892
12906
12909
12918
12924
12925
12928
12930
12931
12932
12943
12966
12969
12978
12984
12986
12988
12996
12997
12999
13022
13024
13034
13037
13041
13042
13043
13057
13060
13063
13067
13076
13079
13080
13082
13084
13085
13096
13098
13109
13114
13115
13120
13122
13129
13130
13134
13135
13137
13138
13141
13145
13147
13148
13149
13150
13152
13154
13157
13158
13161
13173
13174
13179
13183
13189
13191
13192
13203
13204
13214
13225
13228
13229
13232
13234
13240
13245
13246
13269
13270
13277
13281
13292
13297
13298
13299
13311
13313
13315
13330
13336
13337
13340
13341
13342
13344
13353
13358
13363
13373
13379
13382
13389
13399
13412
13418
13419
13421
13424
13427
13431
13433
13435
13439
13442
13443
13445
13447
13450
13451
13452
13455
13465
13469
13474
13478
13483
13487
13491
13516
13523
13525
13530
13536
13540
13541
13546
13547
13549
13554
13555
13560
13563
13565
13567
13569
13573
13575
13579
13597
13600
13604
13606
13615
13617
13621
13624
13627
13629
13635
13645
13648
13654
13661
13664
13666
13669
13673
13680
13682
13693
13711
13712
13716
13717
13726
13729
13731
13736
13737
13738
13741
13743
13759
13762
13765
13783
13802
13805
13819
13826
13835
13837
13849
13852
13855
13857
13858
13866
13880
13883
13886
13904
13912
13919
13920
13937
13945
13979
13980
13991
13992
13995
13996
14005
14006
14012
14013
14020
14031
14033
14040
14043
14046
14048
14052
14055
14061
14068
14072
14084
14088
14092
14095
14128
14150
14151
14152
14158
14160
14162
14166
14172
14182
14193
14194
14198
14203
14204
14207
14212
14214
14219
14234
14244
14253
14262
14274
14277
14278
14297
14316
14318
14347
14350
14353
14385
14407
14419
14420
14423
14427
14430
14431
14435
14437
14440
14442
14443
14445
14448
14464
14466
14468
14484
14488
14490
14495
14496
14504
14509
14513
14514
14524
14529
14530
14531
14533
14551
14556
14558
14560
14563
14564
14565
14566
14578
14583
14584
14587
14602
14606
14611
14613
14623
14640
14643
14644
14647
14663
14665
14688
14691
14694
14698
14702
14710
14711
14715
14727
14728
14731
14734
14736
14737
14739
14742
14744
14745
14746
14747
14749
14756
14758
14771
14773
14775
14780
14782
14783
14791
14801
14809
14813
14817
14820
14828
14829
14846
14850
14857
14859
14861
14866
14867
14871
14873
14879
14886
14887
14902
14909
14910
14917
14927
14930
14942
14952
14954
14957
14960
14963
14964
14966
14970
14977
14983
14991
15001
15005
15006
15013
15020
15030
15034
15060
15062
15066
15072
15075
15076
15077
15078
15084
15102
15103
15104
15107
15111
15113
15116
15123
15138
15143
15148
15159
15160
15168
15172
15175
15182
15192
15206
15221
15227
15228
15229
15242
15254
15255
15258
15277
15281
15284
15287
15288
15289
15299
15300
15301
15303
15304
15313
15345
15359
15379
15380
15382
15406
15415
15441
15442
15443
15444
15447
15448
15449
15455
15458
15460
15462
15463
15464
15465
15468
15473
15479
15480
15481
15484
15487
15493
15524
15532
15534
15535
15543
15544
15545
15546
15547
15550
15563
15568
15570
15579
15588
15593
15610
15617
15623
15624
15642
15645
15646
15659
15664
15676
15684
15686
15691
15693
15708
15723
15737
15741
15742
15746
15751
15764
15771
15776
15777
15791
15792
15794
15795
15796
15798
15805
15811
15822
15825
15831
15840
15847
15856
15861
15862
15873
15899
15903
15906
15916
15921
15922
15924
15943
15945
15947
15950
15958
15969
15975
15977
15998
15999
16005
16008
16010
16013
16018
16021
16022
16025
16029
16032
16040
16042
16054
16057
16076
16096
16103
16107
16108
16109
16110
16124
16135
16160
16161
16167
16170
16171
16173
16175
16176
16182
16188
16212
16214
16225
16230
16247
16248
16251
16260
16264
16273
16277
16289
16292
16306
16307
16311
16314
16315
16320
16325
16326
16327
16330
16331
16336
16338
16339
16344
16347
16353
16354
16357
16361
16364
16366
16374
16385
16397
16411
16414
16443
16460
16474
16484
16487
16490
16492
16502
16513
16521
16526
16531
16538
16547
16556
16572
16577
16583
16584
16585
16586
16589
16593
16598
16606
16612
16618
16621
16623
16629
16630
16631
16633
16635
16644
16649
16655
16660
16672
16676
16679
16682
16685
16694
16708
16725
16736
16743
16747
16751
16766
16767
16771
16772
16781
16782
16785
16805
16808
16814
16840
16843
16845
16856
16857
16860
16862
16882
16885
16887
16888
16893
16905
16906
16909
16936
16944
16954
16955
16968
16971
16981
16988
16993
16995
17020
17036
17068
17070
17081
17083
17088
17089
17091
17092
17116
17118
17124
17137
17138
17139
17141
17146
17148
17149
17154
17156
17158
17159
17161
17163
17164
17167
17180
17182
17188
17197
17198
17200
17213
17214
17221
17223
17230
17254
17263
17287
17288
17291
17304
17310
17313
17319
17322
17326
17335
17337
17343
17344
17353
17358
17361
17402
17405
17409
17410
17414
17415
17418
17422
17424
17436
17438
17439
17441
17443
17447
17449
17459
17463
17464
17465
17471
17472
17500
17503
17512
17513
17522
17525
17528
17544
17557
17568
17569
17571
17573
17589
17594
17598
17600
17618
17626
17629
17640
17656
17661
17682
17684
17685
17688
17696
17704
17706
17709
17712
17721
17723
17726
17737
17748
17749
17759
17773
17784
17798
17802
17810
17811
17812
17815
17816
17824
17827
17828
17829
17832
17846
17850
17852
17855
17857
17868
17874
17881
17889
17891
17893
17899
17909
17920
17923
17924
17936
17941
17943
17947
17948
17951
17957
17966
17969
17974
17994
18005
18008
18009
18010
18011
18018
18021
18022
18025
18027
18030
18031
18040
18044
18045
18052
18053
18055
18066
18070
18088
18098
18099
18101
18120
18123
18124
18131
18133
18141
18144
18156
18157
18178
18179
18201
18202
18207
18210
18214
18217
18219
18220
18221
18223
18228
18243
18247
18267
18287
18290
18293
18302
18315
18317
18319
18334
18338
18339
18340
18343
18357
18359
18363
18377
18378
18380
18385
18389
18402
18408
18409
18410
18415
18423
18440
18443
18446
18458
18464
18467
18468
18469
18471
18476
18481
18508
18513
18515
18520
18535
18538
18540
18541
18549
18554
18575
18581
18589
18591
18603
18607
18608
18612
18626
18629
18630
18635
18637
18657
18662
18685
18690
18698
18712
18717
18718
18736
18739
18742
18746
18747
18749
18770
18773
18776
18778
18783
18787
18797
18805
18809
18832
18839
18855
18864
18865
18875
18876
18881
18883
18885
18886
18887
18890
18891
18894
18911
18912
18913
18915
18917
18926
18934
18939
18956
18957
18979
18981
18982
18984
18994
19001
19004
19006
19012
19019
19021
19023
19024
19039
19058
19063
19069
19072
19073
19082
19083
19084
19086
19092
19105
19108
19109
19135
19136
19148
19161
19168
19170
19171
19174
19180
19181
19207
19211
19213
19227
19240
19242
19246
19247
19259
19260
19266
19289
19304
19306
19316
19319
19322
19333
19335
19340
19341
19353
19371
19379
19393
19396
19402
19404
19407
19426
19430
19432
19443
19456
19467
19470
19473
19474
19484
19497
19499
19503
19504
19508
19515
19533
19536
19537
19544
19546
19548
19549
19552
19556
19560
19565
19570
19577
19584
19589
19591
19595
19617
19635
19636
19639
19641
19644
19645
19651
19660
19675
19678
19687
19689
19690
19695
19700
19705
19708
19710
19712
19713
19724
19731
19733
19740
19748
19754
19760
19763
19777
19778
19786
19794
19800
19804
19820
19822
19836
19840
19849
19852
19862
19866
19873
19875
19876
19882
19887
19895
19899
19908
19911
19913
19937
19953
19954
19973
19976
19977
19980
19983
19986
19990
19998
20001
20002
20004
20017
20032
20035
20051
20053
20054
20055
20059
20062
20063
20072
20079
20080
20093
20098
20114
20123
20124
20132
20153
20164
20187
20193
20202
20207
20212
20231
20240
20243
20257
20268
20270
20283
20287
20290
20291
20294
20297
20299
20302
20303
20304
20312
20321
20324
20326
20327
20329
20333
20338
20351
20352
20357
20361
20366
20369
20377
20379
20381
20392
20394
20413
20428
20445
20447
20456
20460
20461
20476
20477
20482
20489
20492
20496
20497
20502
20509
20516
20517
20522
20553
20554
20556
20558
20559
20561
20563
20567
20569
20575
20576
20580
20624
20627
20628
20631
20636
20639
20646
20664
20667
20683
20706
20723
20730
20745
20748
20752
20754
20765
20777
20788
20789
20797
20804
20805
20807
20817
20821
20822
20823
20827
20830
20837
20841
20853
20854
20862
20869
20874
20886
20893
20896
20902
20910
20917
20918
20920
20923
20926
20928
20929
20948
20954
20956
20972
20979
20987
20991
21015
21037
21043
21046
21049
21052
21055
21057
21058
21059
21061
21062
21066
21073
21078
21080
21098
21100
21102
21105
21107
21108
21138
21140
21149
21151
21155
21163
21170
21171
21174
21178
21180
21182
21184
21187
21190
21194
21203
21214
21215
21225
21226
21227
21230
21231
21232
21236
21255
21265
21270
21273
21281
21300
21301
21302
21313
21314
21317
21319
21323
21325
21337
21339
21348
21349
21351
21373
21374
21378
21382
21385
21388
21393
21394
21395
21398
21400
21407
21412
21413
21425
21433
21438
21441
21444
21453
21458
21470
21473
21482
21485
21486
21491
21497
21500
21507
21516
21525
21527
21528
21558
21561
21571
21576
21581
21584
21586
21588
21592
21593
21606
21617
21620
21622
21626
21645
21652
21660
21661
21664
21667
21672
21674
21675
21680
21682
21685
21689
21693
21702
21703
21704
21710
21718
21722
21723
21726
21727
21729
21738
21742
21743
21751
21755
21756
21760
21763
21767
21792
21797
21816
21817
21820
21821
21824
21825
21827
21839
21841
21847
21848
21852
21858
21865
21866
21867
21868
21874
21878
21885
21887
21890
21896
21901
21906
21912
21915
21918
21919
21921
21945
21951
21954
21955
21956
21959
21963
21968
21971
21973
21978
21983
21984
21994
21996
21999
22001
22022
22026
22028
22029
22035
22037
22048
22049
22052
22058
22078
22087
22091
22092
22094
22120
22125
22142
22144
22163
22166
22175
22176
22178
22185
22195
22203
22208
22213
22214
22225
22238
22247
22251
22257
22264
22271
22272
22273
22275
22280
22281
22286
22301
22334
22345
22352
22357
22364
22370
22374
22377
22382
22406
22410
22426
22432
22433
22436
22437
22443
22449
22453
22454
22460
22462
22466
22469
22470
22474
22491
22501
22513
22514
22521
22529
22530
22531
22533
22539
22546
22548
22556
22563
22573
22580
22596
22600
22609
22614
22617
22620
22632
22645
22658
22669
22670
22674
22677
22687
22690
22699
22700
22702
22703
22710
22711
22742
22744
22753
22772
22774
22775
22782
22783
22787
22788
22792
22793
22797
22799
22824
22827
22835
22848
22849
22853
22854
22863
22871
22873
22882
22883
22888
22889
22896
22898
22909
22910
22913
22915
22919
22926
22947
22956
22967
22978
22981
22982
22998
23002
23010
23015
23022
23026
23027
23034
23038
23042
23044
23051
23067
23096
23097
23105
23117
23124
23128
23131
23152
23156
23177
23181
23187
23190
23201
23202
23205
23209
23211
23215
23226
23227
23231
23232
23236
23246
23258
23268
23269
23276
23279
23304
23315
23320
23322
23326
23333
23345
23358
23370
23372
23376
23377
23378
23380
23384
23388
23389
23391
23392
23395
23397
23398
23399
23400
23404
23406
23407
23414
23418
23444
23453
23455
23461
23469
23472
23474
23477
23493
23494
23495
23498
23518
23521
23524
23557
23559
23588
23596
23597
23600
23602
23604
23606
23607
23609
23612
23616
23632
23639
23641
23642
23644
23657
23680
23686
23688
23689
23690
23691
23699
23701
23706
23707
23709
23711
23714
23717
23724
23740
23746
23750
23753
23764
23777
23801
23802
23803
23806
23818
23826
23827
23830
23835
23848
23852
23856
23857
23868
23874
23875
23876
23877
23894
23909
23910
23916
23922
23925
23927
23933
23952
23958
23963
23964
23965
23968
23974
23983
23988
23996
23997
23998
24001
24018
24025
24028
24034
24036
24051
24067
24068
24072
24077
24083
24092
24094
24107
24115
24126
24136
24140
24145
24146
24147
24187
24216
24218
24223
24228
24231
24232
24233
24236
24245
24249
24250
24251
24253
24254
24255
24258
24263
24265
24270
24273
24274
24283
24289
24295
24299
24300
24301
24302
24308
24315
24321
24326
24327
24336
24345
24369
24370
24383
24385
24389
24394
24406
24413
24416
24426
24436
24441
24442
24443
24444
24445
24446
24461
24479
24484
24486
24489
24490
24491
24494
24496
24511
24515
24516
24517
24521
24525
24530
24536
24547
24548
24549
24557
24560
24569
24576
24583
24586
24598
24599
24601
24610
24612
24620
24621
24622
24633
24638
24653
24660
24664
24680
24686
24693
24705
24724
24727
24730
24743
24747
24748
24750
24757
24759
24765
24769
24770
24775
24779
24781
24783
24793
24794
24796
24801
24806
24807
24811
24840
24848
24851
24858
24865
24867
24872
24877
24880
24885
24915
24932
24936
24942
24944
24947
24950
24953
24954
24973
24974
25003
25010
25014
25015
25016
25018
25024
25026
25030
25032
25037
25038
25041
25044
25045
25050
25055
25087
25088
25090
25091
25092
25095
25096
25100
25101
25107
25129
25150
25154
25160
25161
25169
25174
25179
25180
25186
25202
25206
25215
25220
25222
25230
25239
25241
25247
25249
25261
25271
25274
25277
25281
25283
25295
25297
25304
25306
25308
25312
25316
25333
25340
25342
25356
25357
25367
25369
25378
25385
25387
25393
25406
25411
25418
25432
25450
25459
25465
25474
25487
25494
25502
25510
25511
25516
25520
25523
25536
25549
25557
25559
25563
25564
25566
25569
25571
25573
25574
25577
25583
25591
25595
25596
25625
25632
25634
25635
25636
25639
25642
25645
25649
25660
25678
25681
25695
25698
25701
25710
25713
25717
25719
25722
25723
25736
25740
25741
25756
25760
25763
25783
25786
25789
25790
25792
25812
25822
25825
25829
25832
25833
25836
25838
25841
25842
25845
25848
25850
25854
25861
25863
25867
25881
25885
25886
25896
25897
25922
25924
25929
25937
25939
25964
25972
25973
25987
25991
26004
26006
26019
26023
26024
26026
26028
26029
26032
26036
26049
26055
26064
26084
26086
26087
26088
26089
26092
26095
26098
26102
26104
26107
26111
26112
26116
26117
26127
26130
26134
26136
26143
26144
26168
26180
26181
26186
26191
26209
26212
26215
26222
26226
26229
26242
26243
26246
26254
26257
26261
26262
26266
26267
26268
26277
26282
26286
26289
26294
26297
26301
26318
26327
26332
26338
26344
26347
26348
26352
26358
26362
26363
26371
26386
26388
26398
26401
26402
26404
26405
26413
26416
26419
26421
26430
26432
26433
26434
26436
26476
26484
26494
26529
26534
26539
26543
26547
26550
26571
26573
26579
26593
26596
26608
26616
26622
26626
26639
26648
26655
26656
26667
26677
26678
26687
26701
26702
26708
26710
26712
26716
26741
26747
26756
26758
26772
26774
26777
26779
26784
26785
26786
26787
26812
26819
26832
26841
26848
26852
26860
26864
26872
26881
26901
26904
26907
26913
26914
26915
26951
26956
26957
26961
26962
26964
26978
26980
26982
26989
26999
27001
27003
27008
27018
27026
27033
27060
27076
27091
27095
27096
27101
27109
27111
27118
27131
27135
27137
27141
27145
27146
27147
27148
27154
27158
27168
27172
27196
27198
27206
27209
27212
27216
27217
27220
27221
27222
27225
27227
27228
27230
27231
27237
27238
27242
27244
27245
27249
27266
27276
27280
27289
27291
27304
27307
27321
27327
27330
27333
27336
27349
27350
27364
27365
27372
27379
27390
27391
27395
27398
27408
27410
27417
27423
27429
27447
27450
27451
27454
27455
27456
27457
27462
27463
27465
27469
27483
27491
27496
27506
27509
27525
27529
27534
27536
27540
27543
27548
27556
27560
27570
27575
27576
27578
27582
27584
27593
27601
27602
27611
27612
27614
27619
27628
27630
27632
27639
27640
27641
27642
27644
27654
27655
27657
27665
27666
27668
27672
27676
27678
27723
27724
27727
27729
27733
27736
27738
27745
27757
27766
27768
27791
27801
27802
27810
27815
27825
27827
27828
27843
27847
27854
27855
27858
27859
27860
27861
27868
27883
27888
27889
27892
27896
27898
27902
27917
27928
27933
27964
27972
27976
27979
27980
27983
27987
28001
28004
28007
28034
28037
28041
28043
28044
28049
28051
28052
28054
28056
28060
28064
28067
28072
28074
28075
28077
28078
28079
28083
28084
28091
28108
28112
28120
28135
28145
28153
28159
28174
28182
28183
28184
28186
28199
28206
28213
28216
28230
28238
28243
28247
28250
28251
28259
28267
28280
28286
28288
28296
28298
28302
28303
28308
28313
28316
28317
28319
28323
28330
28331
28332
28333
28334
28338
28339
28356
28377
28380
28382
28383
28384
28394
28395
28418
28424
28433
28438
28444
28454
28459
28483
28495
28497
28501
28502
28503
28513
28516
28535
28556
28560
28567
28577
28581
28582
28583
28592
28593
28595
28606
28620
28627
28629
28635
28637
28644
28660
28673
28676
28695
28700
28703
28710
28722
28726
28736
28761
28765
28768
28779
28785
28787
28796
28798
28803
28809
28824
28837
28839
28840
28842
28843
28845
28848
28849
28852
28854
28857
28859
28863
28864
28866
28869
28876
28883
28895
28897
28910
28915
28918
28924
28927
28938
28941
28947
28956
28957
28975
28984
28992
28999
29008
29009
29020
29026
29036
29038
29044
29046
29049
29058
29059
29073
29079
29084
29100
29110
29111
29121
29123
29131
29134
29135
29136
29155
29156
29157
29171
29181
29183
29187
29195
29196
29197
29199
29200
29203
29210
29237
29244
29254
29255
29256
29267
29268
29270
29273
29278
29279
29282
29287
29289
29290
29294
29299
29302
29310
29322
29332
29340
29342
29344
29349
29352
29373
29381
29383
29384
29389
29390
29404
29417
29423
29424
29430
29437
29449
29453
29459
29473
29478
29479
29482
29486
29489
29491
29492
29493
29494
29496
29500
29530
29550
29560
29561
29563
29564
29565
29572
29577
29583
29602
29610
29613
29616
29618
29627
29628
29635
29639
29642
29643
29648
29651
29664
29665
29670
29675
29676
29699
29700
29703
29719
29722
29724
29727
29746
29750
29752
29753
29758
29779
29785
29786
29790
29793
29794
29795
29797
29806
29807
29808
29810
29812
29815
29819
29820
29824
29827
29832
29847
29858
29880
29882
29897
29899
29902
29903
29905
29908
29934
29935
29947
29953
29957
29962
29966
29973
29987
29994
30004
30006
30010
30017
30031
30032
30033
30037
30043
30046
30051
30052
30053
30062
30074
30075
30077
30080
30083
30087
30088
30093
30095
30111
30112
30115
30133
30136
30139
30143
30148
30149
30152
30158
30159
30169
30172
30193
30195
30205
30207
30209
30223
30224
30227
30235
30250
30251
30258
30264
30287
30293
30314
30316
30318
30320
30333
30340
30343
30347
30348
30351
30353
30354
30356
30360
30368
30372
30374
30378
30380
30381
30397
30403
30405
30411
30413
30417
30418
30419
30430
30451
30455
30461
30464
30476
30488
30508
30510
30527
30528
30537
30541
30548
30550
30551
30556
30561
30562
30563
30576
30605
30611
30618
30622
30625
30626
30628
30633
30640
30652
30657
30665
30666
30672
30691
30701
30714
30717
30720
30721
30729
30730
30731
30735
30737
30739
30744
30746
30751
30758
30762
30763
30766
30768
30777
30780
30783
30791
30793
30794
30801
30809
30816
30834
30836
30838
30841
30845
30854
30856
30871
30877
30878
30881
30883
30885
30886
30901
30906
30908
30916
30927
30940
30942
30960
30962
30970
30976
30980
30995
31001
31004
31022
31033
31034
31037
31043
31048
31052
31064
31066
31068
31084
31102
31103
31105
31107
31117
31119
31124
31136
31138
31173
31176
31182
31183
31185
31186
31190
31193
31198
31205
31209
31212
31221
31222
31224
31226
31227
31228
31245
31252
31269
31272
31310
31316
31318
31330
31333
31359
31360
31361
31365
31367
31369
31371
31379
31381
31382
31388
31394
31400
31427
31431
31434
31437
31459
31464
31468
31475
31492
31494
31497
31500
31504
31507
31513
31514
31524
31526
31545
31558
31564
31566
31572
31576
31606
31609
31629
31635
31637
31642
31656
31667
31675
31676
31678
31680
31683
31686
31688
31692
31700
31707
31708
31713
31714
31719
31723
31741
31742
31743
31752
31754
31761
31766
31769
31773
31775
31783
31784
31786
31787
31827
31828
31834
31835
31836
31843
31846
31853
31854
31867
31872
31880
31888
31891
31896
31898
31918
31919
31921
31926
31928
31941
31944
31946
31953
31959
31966
31970
31973
31976
31984
31995
32004
32024
32025
32026
32032
32034
32036
32037
32038
32044
32045
32047
32048
32050
32072
32089
32092
32094
32100
32101
32108
32113
32116
32119
32156
32177
32193
32196
32207
32225
32238
32246
32247
32251
32275
32280
32284
32285
32288
32291
32296
32297
32322
32323
32326
32327
32338
32339
32342
32350
32353
32365
32368
32370
32374
32379
32384
32394
32395
32398
32409
32411
32425
32439
32442
32471
32473
32482
32511
32524
32526
32528
32534
32554
32566
32569
32570
32573
32579
32594
32603
32604
32606
32621
32623
32632
32637
32641
32655
32694
32695
32697
32705
32708
32710
32712
32713
32714
32735
32736
32752
32753
32758
32773
32775
32782
32784
32787
32819
32830
32832
32833
32834
32840
32841
32843
32844
32846
32847
32856
32858
32861
32864
32867
32870
32871
32872
32873
32877
32894
32896
32897
32905
32907
32910
32921
32931
32932
32936
32944
32955
32959
32963
32976
32985
32990
33000
33017
33028
33033
33034
33036
33037
33039
33042
33046
33053
33068
33070
33081
33085
33089
33097
33129
33131
33141
33144
33146
33147
33151
33153
33156
33164
33170
33192
33200
33205
33208
33213
33236
33239
33242
33243
33245
33256
33261
33273
33294
33298
33307
33309
33313
33326
33333
33334
33339
33340
33353
33360
33361
33371
33379
33388
33390
33392
33399
33403
33404
33405
33407
33408
33409
33410
33413
33415
33420
33423
33445
33450
33451
33452
33472
33473
33478
33479
33484
33488
33489
33491
33498
33502
33520
33521
33536
33541
33544
33545
33549
33550
33551
33555
33558
33561
33567
33573
33595
33601
33635
33637
33639
33641
33643
33647
33655
33659
33660
33662
33667
33672
33679
33680
33683
33686
33689
33693
33696
33698
33711
33719
33722
33728
33731
33735
33746
33770
33773
33774
33778
33807
33814
33817
33831
33836
33838
33839
33842
33852
33859
33862
33871
33875
33880
33881
33886
33888
33897
33898
33900
33902
33904
33908
33909
33910
33918
33920
33927
33930
33933
33936
33938
33950
33951
33968
33980
33986
33993
33996
34028
34057
34062
34067
34068
34071
34073
34075
34081
34105
34106
34110
34117
34133
34135
34139
34143
34148
34153
34156
34180
34183
34186
34188
34199
34200
34211
34222
34229
34230
34233
34238
34243
34246
34247
34250
34258
34259
34267
34268
34271
34273
34275
34276
34301
34307
34316
34320
34322
34323
34328
34335
34338
34339
34380
34387
34391
34398
34401
34422
34433
34434
34435
34436
34437
34439
34440
34443
34455
34456
34459
34461
34463
34465
34466
34467
34474
34477
34483
34500
34502
34507
34509
34512
34514
34526
34533
34539
34557
34559
34562
34565
34569
34579
34608
34617
34621
34630
34641
34642
34645
34650
34655
34669
34698
34703
34706
34707
34711
34712
34719
34720
34722
34725
34739
34740
34744
34764
34775
34781
34793
34796
34813
34831
34836
34846
34871
34876
34887
34890
34892
34928
34953
34955
34957
34959
34962
34969
34979
34987
34989
35004
35007
35011
35012
35013
35019
35022
35025
35028
35030
35031
35037
35057
35068
35073
35080
35084
35087
35091
35093
35095
35098
35111
35114
35116
35124
35127
35128
35136
35144
35150
35181
35183
35185
35203
35214
35257
35259
35260
35280
35286
35298
35302
35303
35329
35334
35336
35341
35345
35347
35348
35350
35352
35359
35360
35362
35363
35390
35416
35421
35433
35438
35439
35455
35456
35461
35463
35465
35468
35479
35488
35489
35508
35509
35512
35514
35516
35517
35528
35530
35534
35536
35539
35540
35542
35545
35552
35554
35570
35571
35576
35578
35588
35594
35605
35617
35626
35629
35637
35650
35652
35653
35658
35661
35664
35674
35675
35682
35692
35697
35702
35705
35708
35718
35722
35724
35731
35738
35747
35760
35776
35779
35794
35811
35817
35833
35836
35838
35850
35853
35854
35858
35860
35862
35863
35867
35889
35890
35895
35909
35912
35915
35916
35918
35919
35920
35922
35932
35935
35937
35946
35951
35961
35980
35981
35982
35986
35987
35990
35994
35996
36007
36019
36020
36021
36027
36030
36034
36038
36042
36043
36046
36048
36050
36051
36053
36054
36058
36066
36067
36071
36073
36077
36080
36099
36102
36106
36108
36119
36123
36130
36151
36162
36173
36174
36203
36209
36211
36214
36217
36227
36229
36242
36243
36247
36249
36252
36256
36261
36262
36279
36283
36302
36312
36314
36315
36319
36333
36336
36340
36341
36343
36345
36350
36356
36357
36376
36385
36401
36411
36412
36424
36427
36433
36445
36448
36453
36468
36477
36483
36505
36514
36523
36527
36531
36532
36542
36544
36547
36553
36556
36557
36567
36577
36597
36616
36620
36621
36623
36626
36628
36631
36671
36698
36704
36717
36718
36741
36749
36775
36782
36788
36791
36799
36808
36813
36818
36819
36830
36838
36839
36843
36846
36847
36848
36872
36879
36883
36887
36889
36895
36899
36904
36913
36919
36921
36922
36928
36929
36930
36964
36973
36976
36980
36992
36994
37002
37012
37017
37023
37034
37040
37041
37043
37045
37049
37054
37133
37135
37142
37144
37146
37147
37148
37152
37160
37161
37166
37167
37174
37175
37179
37195
37198
37204
37209
37212
37221
37226
37231
37233
37242
37252
37258
37268
37296
37310
37311
37320
37326
37334
37352
37354
37355
37361
37366
37370
37373
37392
37398
37402
37404
37413
37415
37417
37424
37433
37434
37435
37440
37444
37446
37454
37468
37471
37473
37481
37487
37494
37502
37503
37508
37509
37515
37518
37520
37521
37522
37523
37524
37550
37551
37552
37559
37561
37565
37567
37575
37616
37620
37624
37633
37638
37647
37656
37681
37687
37695
37706
37707
37712
37718
37719
37723
37724
37728
37730
37734
37735
37747
37753
37773
37780
37785
37793
37805
37827
37829
37835
37836
37837
37848
37853
37854
37855
37859
37863
37877
37880
37885
37887
37889
37892
37898
37902
37903
37906
37907
37908
37916
37918
37925
37929
37930
37934
37970
37973
37978
37981
37982
37984
37985
37990
37992
37999
38008
38011
38013
38022
38025
38037
38048
38051
38055
38063
38065
38086
38087
38093
38094
38101
38103
38139
38140
38147
38150
38151
38154
38155
38164
38170
38179
38186
38187
38188
38190
38194
38195
38197
38200
38227
38228
38231
38238
38261
38262
38267
38271
38273
38288
38290
38302
38313
38317
38323
38328
38329
38344
38349
38358
38383
38392
38398
38403
38405
38426
38429
38435
38438
38441
38444
38459
38460
38482
38487
38491
38510
38511
38512
38513
38523
38526
38527
38531
38542
38576
38578
38590
38592
38595
38598
38599
38606
38609
38614
38618
38653
38655
38659
38662
38667
38690
38729
38732
38735
38749
38755
38756
38759
38765
38766
38767
38772
38773
38782
38806
38813
38823
38828
38830
38839
38843
38854
38864
38865
38871
38872
38879
38880
38881
38885
38887
38888
38889
38895
38896
38898
38901
38902
38903
38911
38920
38921
38926
38934
38954
38956
38967
38971
38976
38986
38989
38996
39007
39013
39018
39020
39021
39028
39038
39041
39056
39061
39063
39071
39081
39084
39118
39134
39135
39137
39148
39149
39154
39156
39166
39168
39170
39171
39176
39182
39188
39196
39207
39209
39219
39231
39237
39243
39251
39254
39258
39259
39263
39265
39270
39296
39307
39313
39323
39325
39338
39340
39344
39347
39359
39363
39370
39371
39384
39392
39393
39402
39404
39407
39408
39413
39414
39415
39417
39432
39437
39438
39439
39441
39448
39450
39451
39457
39461
39485
39492
39500
39502
39550
39586
39595
39605
39620
39624
39632
39640
39648
39652
39662
39665
39680
39681
39687
39693
39694
39696
39697
39702
39705
39712
39713
39714
39715
39718
39724
39726
39727
39732
39735
39753
39756
39757
39777
39786
39787
39797
39801
39803
39828
39840
39850
39864
39871
39875
39880
39882
39891
39896
39897
39903
39904
39906
39908
39909
39920
39932
39935
39940
39944
39948
39951
39955
39958
39959
39969
39971
39975
40011
40016
40017
40018
40027
40043
40047
40088
40100
40101
40107
40124
40135
40162
40163
40165
40169
40171
40197
40200
40203
40204
40205
40207
40223
40225
40226
40234
40236
40238
40239
40256
40258
40265
40271
40274
40275
40278
40284
40292
40295
40313
40318
40333
40337
40339
40344
40348
40349
40360
40361
40370
40373
40374
40379
40383
40393
40415
40416
40432
40433
40435
40438
40439
40440
40441
40442
40444
40447
40455
40459
40462
40467
40470
40472
40479
40490
40491
40492
40493
40494
40498
40502
40505
40508
40510
40511
40516
40522
40523
40528
40529
40533
40539
40551
40558
40559
40561
40562
40563
40569
40575
40598
40606
40609
40610
40615
40617
40618
40619
40628
40635
40637
40638
40646
40661
40671
40677
40681
40682
40684
40686
40688
40690
40704
40705
40713
40717
40718
40737
40742
40749
40760
40764
40767
40775
40776
40777
40782
40787
40788
40800
40804
40807
40810
40818
40833
40839
40842
40847
40851
40855
40865
40867
40868
40872
40883
40909
40925
40926
40927
40928
40946
40948
40955
40961
40963
40966
40968
40969
40973
40976
40977
40980
40986
40998
41005
41012
41014
41028
41029
41038
41039
41040
41043
41053
41055
41057
41085
41088
41091
41096
41097
41100
41106
41115
41145
41146
41153
41165
41177
41178
41182
41205
41209
41213
41218
41221
41222
41227
41229
41230
41236
41245
41258
41269
41271
41291
41304
41305
41306
41310
41319
41322
41323
41326
41367
41372
41383
41388
41391
41395
41404
41411
41412
41415
41424
41426
41435
41441
41444
41455
41457
41465
41484
41505
41512
41516
41523
41524
41536
41539
41551
41552
41557
41579
41585
41593
41594
41595
41598
41602
41603
41604
41607
41609
41611
41614
41619
41623
41625
41627
41630
41634
41644
41669
41679
41680
41681
41691
41693
41694
41696
41697
41701
41702
41711
41717
41719
41742
41760
41761
41776
41777
41780
41785
41786
41788
41791
41796
41802
41811
41812
41842
41848
41850
41855
41858
41860
41866
41867
41868
41869
41876
41879
41902
41904
41906
41913
41920
41925
41927
41931
41940
41942
41950
41964
41967
41971
41981
41990
41996
41998
42000
42001
42029
42030
42033
42035
42039
42047
42048
42053
42059
42072
42079
42090
42091
42095
42096
42097
42099
42101
42104
42109
42110
42114
42121
42140
42144
42145
42154
42156
42161
42162
42172
42173
42175
42178
42187
42198
42212
42221
42227
42228
42229
42230
42231
42234
42237
42260
42273
42275
42276
42277
42280
42281
42283
42306
42308
42316
42322
42328
42330
42339
42344
42348
42349
42350
42352
42353
42364
42386
42399
42400
42402
42405
42406
42412
42417
42427
42428
42433
42440
42444
42445
42460
42468
42473
42475
42477
42478
42480
42488
42494
42496
42503
42513
42515
42529
42530
42531
42564
42573
42579
42580
42590
42617
42618
42621
42623
42625
42627
42628
42629
42646
42647
42658
42670
42675
42676
42677
42680
42687
42688
42692
42693
42715
42725
42735
42743
42744
42764
42774
42784
42799
42808
42827
42829
42832
42842
42852
42870
42871
42879
42883
42916
42930
42933
42937
42939
42943
42945
42947
42949
42952
42953
42954
42956
42957
42960
42962
42972
42981
42982
42983
42987
42989
42997
43000
43001
43003
43005
43016
43022
43041
43056
43064
43076
43077
43078
43088
43105
43107
43110
43114
43116
43120
43129
43139
43152
43181
43182
43188
43195
43196
43197
43203
43204
43206
43211
43219
43223
43239
43254
43261
43270
43274
43279
43280
43288
43289
43290
43291
43300
43311
43314
43319
43320
43343
43348
43352
43354
43361
43364
43367
43372
43374
43383
43387
43396
43398
43402
43403
43410
43423
43433
43439
43440
43444
43448
43449
43450
43455
43458
43459
43461
43466
43481
43482
43504
43522
43524
43538
43544
43550
43553
43561
43568
43571
43578
43599
43600
43606
43609
43615
43618
43619
43620
43638
43639
43644
43648
43649
43675
43687
43690
43691
43693
43699
43702
43709
43714
43722
43735
43738
43742
43745
43746
43755
43757
43760
43771
43773
43782
43783
43787
43792
43794
43815
43820
43826
43829
43831
43835
43842
43855
43858
43864
43865
43869
43874
43876
43885
43892
43902
43904
43927
43931
43937
43943
43945
43949
43961
43968
43974
43976
43977
43978
43979
43982
43985
43986
43988
44002
44004
44008
44025
44029
44035
44038
44040
44048
44059
44087
44097
44124
44146
44159
44176
44185
44187
44211
44217
44224
44227
44228
44232
44238
44245
44249
44250
44251
44253
44255
44262
44263
44264
44265
44266
44279
44280
44303
44309
44318
44321
44326
44329
44334
44337
44348
44363
44378
44398
44399
44406
44422
44423
44427
44431
44432
44436
44438
44448
44449
44454
44488
44510
44517
44527
44530
44532
44543
44546
44553
44556
44559
44561
44563
44565
44569
44574
44575
44576
44577
44588
44589
44608
44610
44613
44627
44631
44632
44633
44635
44636
44652
44665
44670
44671
44706
44709
44710
44715
44716
44724
44729
44739
44742
44746
44753
44754
44755
44761
44762
44765
44771
44775
44783
44793
44798
44802
44806
44809
44815
44816
44826
44829
44834
44863
44870
44872
44877
44900
44919
44921
44925
44931
44938
44940
44949
44951
44960
44962
44976
44999
45005
45012
45025
45030
45036
45041
45053
45057
45066
45068
45072
45089
45102
45104
45107
45111
45114
45119
45122
45123
45125
45129
45142
45145
45172
45187
45190
45192
45199
45212
45214
45217
45225
45244
45248
45250
45265
45271
45273
45284
45288
45289
45290
45294
45299
45301
45315
45325
45326
45346
45349
45356
45357
45359
45363
45367
45369
45372
45380
45392
45397
45412
45415
45416
45425
45426
45430
45431
45432
45434
45436
45451
45454
45457
45468
45469
45472
45473
45479
45497
45503
45507
45517
45534
45539
45546
45561
45564
45565
45568
45571
45575
45577
45585
45589
45591
45593
45602
45604
45618
45634
45640
45642
45647
45648
45660
45666
45668
45697
45699
45700
45709
45713
45735
45737
45740
45751
45757
45779
45785
45787
45788
45791
45794
45796
45802
45803
45807
45808
45810
45812
45813
45815
45821
45826
45827
45845
45853
45860
45875
45882
45888
45890
45909
45918
45926
45940
45942
45950
45958
45960
45962
45963
45966
45972
45990
46019
46022
46042
46050
46051
46060
46067
46075
46078
46091
46092
46093
46095
46102
46110
46121
46134
46139
46141
46142
46145
46165
46174
46182
46185
46206
46212
46218
46219
46222
46223
46225
46227
46233
46268
46269
46277
46290
46304
46306
46307
46308
46309
46314
46317
46318
46319
46320
46321
46325
46329
46330
46331
46343
46344
46349
46356
46380
46384
46398
46406
46407
46415
46424
46439
46452
46455
46471
46484
46494
46496
46510
46511
46516
46533
46537
46539
46544
46548
46559
46567
46574
46575
46579
46592
46603
46604
46617
46630
46632
46639
46681
46691
46702
46704
46708
46709
46710
46720
46722
46725
46741
46743
46764
46766
46769
46772
46794
46795
46796
46809
46818
46820
46821
46826
46827
46836
46839
46847
46851
46864
46866
46868
46874
46878
46882
46889
46893
46894
46909
46926
46927
46930
46935
46938
46941
46947
46949
46953
46963
46964
46980
47008
47010
47014
47028
47041
47049
47050
47059
47062
47069
47072
47078
47082
47083
47085
47086
47091
47092
47099
47100
47101
47104
47105
47109
47114
47125
47149
47161
47173
47175
47184
47185
47199
47203
47205
47208
47211
47212
47234
47237
47240
47244
47254
47258
47262
47264
47266
47273
47276
47286
47291
47300
47305
47313
47332
47336
47341
47342
47346
47347
47350
47352
47362
47368
47371
47373
47396
47400
47401
47421
47422
47433
47437
47446
47455
47471
47486
47496
47508
47509
47514
47516
47542
47548
47549
47573
47575
47576
47578
47579
47580
47597
47606
47608
47609
47612
47613
47615
47616
47620
47623
47636
47644
47646
47655
47660
47662
47672
47676
47678
47680
47684
47686
47687
47703
47718
47722
47723
47727
47737
47745
47755
47759
47772
47782
47786
47799
47817
47818
47820
47823
47832
47847
47855
47858
47865
47866
47871
47874
47876
47880
47904
47920
47921
47940
47943
47945
47949
47954
47959
47971
48016
48020
48024
48032
48038
48041
48048
48076
48087
48089
48094
48096
48112
48115
48117
48119
48123
48133
48141
48180
48197
48207
48208
48219
48266
48275
48286
48293
48299
48302
48303
48316
48327
48334
48346
48348
48352
48357
48360
48361
48366
48372
48374
48375
48376
48377
48387
48393
48402
48407
48415
48458
48460
48462
48466
48469
48473
48474
48482
48487
48492
48496
48513
48520
48523
48525
48532
48534
48537
48540
48544
48569
48587
48591
48617
48624
48625
48635
48648
48652
48657
48664
48666
48677
48678
48680
48682
48687
48689
48690
48694
48699
48702
48703
48704
48708
48734
48754
48776
48788
48807
48810
48825
48835
48836
48841
48843
48844
48848
48849
48857
48860
48863
48864
48867
48874
48880
48882
48906
48910
48913
48915
48916
48949
48951
48952
48957
48961
48962
48963
48966
48968
48975
48985
48989
48993
48996
49003
49017
49036
49043
49077
49078
49095
49106
49108
49110
49116
49126
49127
49130
49131
49138
49148
49153
49155
49161
49163
49199
49200
49202
49204
49205
49227
49228
49229
49231
49233
49234
49240
49247
49248
49250
49255
49263
49269
49272
49273
49279
49280
49297
49303
49314
49319
49325
49328
49333
49337
49352
49356
49371
49376
49389
49409
49413
49414
49415
49416
49426
49436
49437
49440
49442
49444
49449
49452
49456
49468
49469
49473
49476
49477
49492
49496
49498
49500
49501
49502
49503
49505
49506
49510
49512
49513
49521
49522
49523
49525
49530
49532
49535
49538
49546
49553
49556
49557
49565
49574
49576
49579
49583
49589
49592
49595
49604
49611
49613
49630
49633
49641
49642
49663
49665
49674
49675
49677
49679
49681
49688
49693
49698
49711
49719
49747
49758
49759
49765
49770
49771
49774
49775
49776
49778
49781
49782
49785
49787
49792
49805
49808
49816
49819
49822
49825
49835
49837
49855
49874
49877
49882
49886
49897
49902
49906
49916
49918
49926
49929
49947
49954
49955
49959
49962
49969
49971
49975
49985
49988
49989
50000
50009
50019
50021
50026
50028
50029
50033
50035
50039
50047
50058
50063
50067
50072
50076
50077
50099
50101
50104
50105
50112
50116
50118
50128
50129
50135
50136
50137
50139
50161
50163
50164
50171
50172
50173
50175
50176
50181
50184
50186
50198
50219
50231
50239
50244
50245
50255
50256
50258
50261
50264
50277
50280
50282
50292
50294
50298
50302
50306
50308
50319
50320
50322
50331
50342
50344
50360
50382
50384
50394
50398
50400
50407
50414
50421
50428
50430
50441
50447
50477
50491
50494
50495
50502
50505
50515
50517
50531
50539
50541
50542
50547
50552
50553
50555
50556
50578
50584
50585
50588
50589
50599
50601
50612
50628
50645
50651
50662
50664
50671
50673
50677
50680
50681
50682
50684
50691
50707
50722
50723
50727
50729
50742
50744
50749
50752
50754
50755
50771
50774
50791
50792
50803
50814
50815
50822
50831
50836
50838
50850
50865
50871
50872
50873
50878
50886
50887
50892
50894
50896
50906
50911
50916
50920
50924
50930
50934
50938
50961
50962
50972
50973
50975
50978
50984
50985
50991
50998
50999
51013
51015
51024
51032
51041
51043
51047
51060
51063
51064
51078
51100
51104
51112
51114
51116
51121
51133
51135
51137
51138
51155
51156
51167
51168
51172
51191
51196
51199
51210
51211
51213
51216
51224
51233
51238
51239
51242
51245
51256
51259
51262
51269
51275
51276
51280
51282
51294
51295
51299
51308
51314
51327
51329
51341
51347
51349
51355
51356
51359
51361
51369
51388
51395
51401
51404
51406
51412
51426
51427
51428
51431
51439
51440
51442
51452
51458
51462
51464
51466
51474
51475
51484
51490
51491
51492
51494
51498
51504
51506
51510
51527
51531
51534
51535
51554
51555
51587
51595
51601
51612
51620
51630
51637
51641
51657
51661
51662
51677
51686
51693
51697
51704
51707
51708
51732
51734
51738
51751
51755
51763
51794
51846
51851
51852
51884
51886
51889
51891
51894
51902
51911
51914
51938
51940
51941
51947
51953
51957
51962
51963
51964
51965
51966
51974
51975
51976
51977
51982
51986
51988
51993
52009
52010
52025
52045
52048
52054
52055
52061
52077
52086
52099
52102
52104
52107
52118
52124
52129
52131
52147
52190
52192
52193
52197
52200
52202
52205
52208
52218
52228
52230
52236
52245
52265
52274
52289
52306
52333
52338
52339
52355
52358
52374
52386
52392
52404
52407
52408
52410
52431
52433
52438
52440
52441
52443
52444
52447
52453
52454
52473
52501
52503
52506
52507
52515
52520
52526
52530
52534
52549
52565
52576
52577
52582
52628
52635
52652
52671
52676
52680
52682
52683
52688
52692
52693
52695
52704
52710
52712
52720
52726
52730
52735
52743
52762
52770
52778
52780
52782
52787
52813
52816
52820
52821
52832
52833
52834
52835
52836
52845
52849
52850
52856
52860
52893
52897
52902
52905
52907
52908
52909
52910
52919
52921
52922
52939
52945
52949
52952
52953
52954
52956
52977
52985
52988
52994
52996
52998
53000
53005
53013
53020
53022
53024
53026
53039
53050
53056
53062
53063
53065
53067
53068
53074
53075
53077
53079
53082
53083
53087
53090
53092
53096
53098
53109
53116
53119
53121
53133
53137
53145
53146
53150
53151
53178
53193
53195
53197
53200
53201
53204
53205
53229
53233
53245
53251
53254
53259
53269
53271
53279
53280
53283
53286
53295
53301
53317
53322
53326
53329
53330
53337
53338
53345
53347
53348
53350
53354
53357
53365
53369
53370
53375
53378
53382
53384
53398
53399
53404
53417
53428
53437
53438
53444
53447
53464
53467
53469
53471
53490
53492
53497
53498
53499
53508
53515
53521
53548
53550
53551
53586
53588
53590
53591
53592
53604
53605
53607
53611
53612
53620
53637
53649
53651
53662
53678
53681
53695
53699
53702
53703
53704
53726
53736
53738
53743
53750
53752
53769
53780
53781
53788
53799
53801
53811
53825
53828
53829
53857
53858
53871
53874
53876
53877
53891
53893
53896
53898
53901
53903
53910
53911
53919
53927
53932
53939
53955
53956
53959
53961
53963
53966
53967
53970
53972
53973
53987
53997
54007
54010
54015
54023
54026
54030
54036
54043
54044
54048
54050
54051
54066
54072
54077
54083
54084
54093
54094
54098
54100
54105
54110
54115
54128
54145
54151
54156
54165
54167
54170
54172
54173
54175
54177
54181
54184
54191
54193
54202
54219
54234
54243
54250
54251
54259
54264
54274
54280
54283
54293
54297
54321
54338
54343
54344
54348
54353
54356
54365
54386
54395
54396
54400
54421
54425
54430
54434
54442
54459
54463
54467
54468
54490
54492
54495
54501
54503
54510
54534
54535
54538
54545
54550
54560
54568
54572
54577
54590
54594
54613
54617
54622
54629
54635
54642
54650
54667
54672
54674
54675
54676
54678
54684
54686
54689
54692
54698
54703
54707
54709
54716
54734
54738
54741
54748
54750
54761
54764
54768
54776
54778
54795
54810
54816
54833
54840
54842
54844
54855
54859
54860
54866
54889
54893
54908
54943
54944
54951
54953
54956
54958
54961
54967
54970
54975
54977
54978
54979
54986
54989
55021
55031
55032
55033
55039
55040
55041
55042
55047
55049
55050
55052
55054
55056
55057
55069
55075
55077
55086
55089
55093
55097
55116
55133
55140
55147
55148
55151
55153
55172
55176
55177
55182
55193
55201
55227
55229
55243
55250
55253
55256
55262
55268
55283
55295
55322
55327
55329
55332
55334
55336
55343
55346
55348
55354
55361
55372
55378
55399
55407
55412
55416
55425
55426
55430
55443
55444
55448
55461
55463
55470
55473
55474
55475
55481
55483
55502
55503
55504
55505
55511
55512
55514
55516
55517
55519
55520
55521
55527
55530
55532
55566
55572
55578
55579
55580
55584
55604
55607
55614
55634
55650
55655
55656
55657
55660
55664
55666
55667
55673
55675
55677
55683
55691
55695
55720
55724
55729
55730
55735
55736
55737
55739
55742
55750
55752
55757
55758
55759
55761
55768
55769
55772
55773
55784
55809
55816
55822
55827
55832
55838
55843
55864
55876
55877
55886
55897
55908
55925
55933
55935
55956
55961
55965
55968
55969
55973
55974
55976
55980
55985
55991
55992
55993
55994
55997
56016
56022
56041
56049
56056
56065
56067
56068
56083
56084
56089
56096
56114
56124
56131
56137
56138
56146
56147
56161
56163
56164
56166
56167
56176
56181
56191
56211
56216
56219
56221
56225
56227
56230
56260
56261
56263
56270
56272
56274
56282
56284
56286
56288
56289
56296
56301
56302
56309
56312
56314
56326
56341
56344
56349
56353
56359
56361
56362
56364
56365
56367
56376
56380
56388
56408
56422
56437
56445
56449
56456
56469
56475
56525
56532
56533
56535
56544
56547
56548
56550
56551
56552
56559
56562
56564
56566
56573
56579
56593
56594
56606
56612
56619
56625
56628
56630
56634
56646
56648
56662
56678
56682
56692
56715
56720
56723
56726
56754
56757
56760
56761
56765
56768
56779
56783
56817
56829
56834
56835
56837
56841
56848
56849
56855
56862
56867
56868
56873
56900
56913
56914
56921
56924
56927
56930
56933
56938
56955
56962
56983
56984
56986
56994
56999
57011
57018
57021
57024
57031
57033
57044
57060
57062
57064
57069
57075
57085
57088
57094
57096
57112
57114
57121
57128
57129
57132
57133
57149
57150
57156
57161
57163
57164
57165
57168
57187
57203
57221
57224
57225
57226
57228
57234
57238
57257
57261
57263
57267
57302
57303
57311
57318
57319
57324
57339
57344
57345
57346
57347
57351
57379
57383
57388
57398
57407
57409
57414
57426
57432
57449
57453
57461
57470
57471
57474
57476
57488
57507
57508
57509
57525
57528
57532
57543
57544
57546
57551
57557
57561
57564
57571
57572
57580
57588
57589
57593
57596
57600
57603
57637
57651
57652
57653
57654
57671
57672
57678
57682
57688
57691
57696
57701
57702
57704
57731
57738
57742
57743
57744
57752
57753
57756
57757
57758
57759
57776
57780
57785
57788
57791
57793
57804
57806
57809
57810
57813
57820
57821
57834
57837
57838
57847
57848
57850
57857
57858
57877
57890
57910
57912
57914
57915
57917
57919
57920
57923
57925
57926
57930
57933
57940
57951
57956
57958
57961
57971
57973
57980
57993
57999
58000
58001
58005
58016
58019
58020
58023
58024
58026
58036
58047
58048
58062
58073
58096
58099
58103
58105
58108
58109
58119
58123
58125
58128
58137
58140
58154
58161
58164
58183
58191
58192
58198
58200
58202
58206
58210
58214
58221
58227
58231
58234
58238
58240
58243
58244
58251
58254
58278
58282
58306
58314
58317
58318
58326
58328
58348
58349
58352
58359
58392
58397
58400
58405
58409
58416
58417
58419
58421
58424
58429
58430
58442
58445
58450
58451
58468
58481
58484
58486
58492
58510
58521
58523
58539
58540
58546
58555
58559
58560
58565
58571
58581
58585
58586
58588
58589
58590
58591
58598
58612
58625
58649
58654
58659
58660
58663
58686
58687
58711
58719
58724
58736
58744
58755
58757
58760
58764
58771
58785
58788
58791
58799
58804
58813
58816
58827
58835
58836
58844
58854
58856
58858
58866
58886
58898
58903
58904
58911
58912
58913
58916
58920
58923
58924
58937
58960
58971
58975
58982
58990
58991
58992
58994
59005
59016
59034
59039
59042
59048
59051
59054
59055
59056
59061
59068
59077
59080
59081
59083
59086
59087
59092
59094
59095
59115
59120
59121
59138
59140
59149
59150
59155
59161
59172
59177
59179
59188
59194
59195
59216
59238
59244
59248
59258
59289
59293
59297
59312
59319
59324
59325
59339
59340
59346
59354
59385
59388
59395
59397
59398
59400
59401
59404
59407
59417
59418
59425
59430
59434
59437
59439
59455
59456
59461
59467
59501
59503
59509
59523
59532
59534
59548
59549
59551
59561
59564
59594
59595
59608
59616
59617
59623
59625
59641
59642
59645
59659
59665
59674
59675
59676
59677
59685
59691
59692
59693
59700
59714
59734
59736
59739
59744
59758
59760
59772
59800
59844
59853
59867
59868
59874
59886
59901
59940
59944
59945
59948
59951
59954
59956
59958
59965
59971
59979
59981
59982
59989
59991
60000
60005
60007
60012
60016
60017
60019
60021
60024
60025
60031
60038
60041
60050
60052
60054
60086
60099
60102
60104
60105
60111
60113
60116
60121
60124
60131
60135
60138
60147
60148
60154
60158
60159
60172
60188
60192
60205
60214
60220
60227
60230
60231
60232
60237
60240
60241
60242
60244
60247
60249
60254
60255
60278
60287
60288
60295
60300
60305
60307
60312
60314
60326
60340
60342
60343
60345
60349
60354
60359
60364
60370
60377
60390
60410
60415
60416
60417
60419
60458
60462
60464
60466
60468
60476
60478
60484
60492
60509
60537
60542
60554
60560
60566
60574
60577
60591
60595
60596
60615
60618
60632
60636
60639
60642
60646
60648
60669
60676
60681
60685
60686
60690
60697
60698
60705
60715
60717
60722
60761
60767
60771
60773
60775
60788
60799
60825
60829
60846
60850
60852
60864
60872
60886
60898
60899
60905
60910
60919
60930
60934
60936
60937
60955
60964
60965
60971
60972
60978
60979
60981
60986
60994
61017
61027
61028
61032
61045
61047
61049
61053
61061
61063
61137
61148
61158
61160
61170
61172
61174
61177
61191
61197
61198
61199
61204
61205
61211
61212
61214
61216
61217
61224
61227
61239
61242
61243
61245
61279
61284
61286
61288
61301
61305
61310
61322
61325
61326
61331
61349
61351
61352
61353
61364
61370
61380
61381
61390
61392
61397
61399
61400
61402
61404
61405
61422
61424
61432
61458
61460
61473
61486
61489
61490
61497
61500
61509
61511
61542
61548
61549
61556
61563
61588
61593
61596
61604
61620
61621
61623
61636
61637
61641
61646
61666
61671
61672
61674
61677
61685
61686
61689
61708
61709
61710
61719
61721
61722
61726
61732
61734
61740
61741
61746
61747
61756
61764
61765
61768
61783
61785
61786
61787
61792
61794
61798
61801
61806
61827
61834
61870
61880
61883
61892
61896
61898
61905
61915
61918
61937
61952
61954
61983
61984
61988
61991
61998
62004
62011
62018
62027
62031
62048
62049
62050
62083
62084
62089
62094
62097
62108
62111
62115
62119
62122
62128
62133
62134
62135
62156
62162
62174
62176
62183
62185
62195
62203
62211
62228
62230
62231
62233
62234
62252
62261
62272
62277
62301
62308
62310
62311
62314
62315
62316
62320
62321
62325
62327
62330
62331
62333
62334
62337
62340
62346
62360
62377
62383
62385
62400
62402
62403
62411
62418
62419
62431
62446
62452
62454
62457
62461
62463
62466
62468
62471
62472
62473
62477
62493
62498
62524
62525
62547
62549
62551
62552
62553
62557
62571
62586
62603
62606
62616
62620
62621
62626
62637
62645
62653
62655
62658
62659
62660
62664
62670
62671
62691
62696
62697
62700
62703
62710
62712
62714
62715
62719
62721
62730
62735
62744
62761
62762
62763
62771
62772
62776
62778
62779
62780
62782
62788
62806
62808
62816
62822
62824
62840
62854
62860
62863
62867
62872
62882
62884
62896
62899
62903
62920
62921
62931
62953
62955
62956
62961
62962
62966
62970
62974
62977
62985
62986
62987
62990
62995
62996
63012
63024
63029
63036
63039
63044
63051
63052
63054
63067
63068
63102
63105
63112
63115
63129
63138
63141
63143
63144
63146
63155
63156
63158
63161
63185
63210
63212
63213
63218
63223
63225
63228
63229
63231
63233
63234
63236
63246
63260
63264
63274
63283
63287
63289
63292
63317
63319
63323
63324
63327
63337
63338
63354
63361
63370
63375
63386
63388
63395
63400
63407
63408
63414
63425
63430
63436
63444
63450
63451
63452
63455
63458
63467
63468
63469
63472
63475
63479
63485
63497
63499
63503
63526
63536
63545
63553
63596
63597
63598
63606
63607
63608
63609
63620
63641
63657
63666
63667
63674
63682
63705
63711
63717
63721
63725
63731
63740
63746
63748
63750
63752
63763
63769
63780
63798
63803
63808
63817
63838
63843
63844
63890
63902
63912
63923
63937
63939
63944
63945
63968
63971
63974
63977
63979
63988
63990
63994
63997
64002
64004
64008
64012
64019
64023
64024
64025
64030
64033
64034
64042
64044
64045
64048
64051
64059
64070
64071
64081
64085
64093
64099
64106
64111
64119
64123
64127
64138
64151
64155
64157
64164
64165
64169
64170
64172
64173
64184
64189
64193
64196
64197
64227
64231
64237
64240
64243
64250
64252
64256
64257
64262
64263
64264
64266
64269
64279
64290
64293
64295
64300
64310
64311
64312
64316
64325
64330
64337
64338
64341
64347
64352
64364
64372
64393
64399
64400
64418
64439
64450
64452
64459
64474
64483
64487
64488
64496
64500
64501
64505
64506
64507
64508
64510
64523
64539
64543
64550
64554
64557
64561
64569
64577
64592
64596
64608
64611
64614
64624
64635
64643
64661
64666
64668
64676
64677
64679
64684
64700
64705
64715
64734
64736
64741
64744
64746
64747
64752
64753
64757
64764
64772
64773
64774
64791
64794
64796
64799
64803
64807
64818
64819
64820
64822
64825
64831
64832
64839
64846
64848
64850
64858
64877
64899
64901
64917
64936
64939
64941
64948
64973
64974
64979
64982
64983
64989
64991
64998
65003
65006
65017
65029
65034
65047
65050
65057
65065
65097
65105
65111
65112
65114
65121
65122
65133
65137
65138
65140
65148
65158
65159
65164
65165
65200
65209
65212
65226
65228
65232
65246
65247
65250
65253
65254
65287
65293
65296
65297
65300
65305
65307
65308
65317
65318
65319
65328
65329
65330
65336
65357
65362
65368
65370
65371
65374
65376
65380
65381
65390
65407
65412
65414
65418
65426
65431
65432
65436
65437
65448
65462
65466
65477
65478
65495
65500
65501
65502
65513
65515
65525
65526
65528
65531
65536
65540
65549
65563
65564
65578
65587
65588
65592
65599
65602
65607
65611
65616
65619
65622
65628
65642
65643
65650
65664
65667
65678
65685
65696
65697
65722
65727
65753
65754
65757
65758
65765
65766
65772
65778
65782
65786
65793
65798
65802
65805
65813
65869
65871
65872
65875
65886
65915
65918
65930
65942
65943
65948
65950
65951
65954
65957
65973
65979
65982
65990
66012
66013
66018
66019
66022
66035
66039
66040
66043
66045
66047
66050
66054
66066
66073
66087
66094
66097
66099
66101
66124
66133
66134
66137
66149
66168
66179
66182
66184
66189
66202
66216
66218
66219
66220
66221
66224
66254
66259
66266
66267
66271
66278
66280
66284
66292
66294
66295
66296
66301
66308
66309
66310
66332
66336
66354
66357
66364
66371
66381
66386
66390
66392
66395
66409
66439
66440
66453
66456
66457
66459
66463
66468
66481
66484
66498
66500
66514
66530
66531
66533
66536
66539
66541
66542
66543
66550
66551
66556
66557
66582
66584
66585
66588
66596
66598
66609
66610
66613
66621
66648
66653
66657
66663
66667
66672
66691
66697
66705
66706
66715
66734
66736
66738
66743
66745
66747
66749
66752
66761
66762
66764
66765
66795
66797
66798
66799
66802
66810
66825
66828
66835
66839
66840
66845
66852
66863
66869
66874
66878
66886
66908
66921
66922
66926
66927
66941
66946
66950
66952
66957
66966
66971
66974
66984
66985
66989
66991
67001
67008
67010
67011
67013
67033
67039
67046
67048
67052
67060
67081
67085
67088
67100
67105
67127
67159
67171
67176
67195
67199
67217
67234
67243
67249
67255
67259
67260
67274
67276
67289
67292
67294
67299
67302
67310
67311
67313
67318
67321
67324
67340
67347
67349
67353
67357
67360
67366
67374
67390
67396
67399
67401
67408
67411
67412
67416
67419
67423
67449
67451
67460
67473
67478
67484
67485
67486
67517
67520
67544
67546
67559
67560
67562
67568
67571
67575
67576
67580
67584
67585
67609
67629
67631
67633
67644
67648
67650
67653
67672
67685
67686
67687
67693
67708
67711
67720
67726
67739
67753
67765
67771
67782
67798
67807
67810
67815
67823
67825
67826
67829
67835
67839
67842
67845
67863
67868
67878
67879
67890
67901
67902
67906
67916
67923
67931
67937
67946
67955
67965
67967
67970
67983
67986
67987
67989
67992
68000
68009
68014
68015
68017
68020
68048
68054
68057
68058
68059
68063
68065
68072
68077
68082
68083
68091
68099
68100
68101
68109
68116
68141
68148
68153
68184
68185
68187
68204
68207
68215
68229
68263
68279
68282
68284
68286
68287
68288
68292
68295
68296
68299
68300
68305
68306
68318
68321
68326
68329
68334
68335
68353
68357
68360
68362
68367
68370
68381
68386
68388
68389
68394
68396
68411
68416
68419
68420
68423
68430
68433
68438
68447
68448
68450
68456
68461
68466
68467
68481
68507
68516
68520
68528
68529
68534
68540
68542
68552
68559
68562
68566
68567
68569
68572
68575
68581
68584
68600
68601
68605
68619
68624
68630
68642
68643
68660
68663
68670
68680
68688
68694
68695
68706
68712
68719
68728
68730
68736
68740
68745
68750
68760
68764
68773
68783
68793
68795
68798
68803
68812
68820
68848
68849
68850
68852
68854
68866
68869
68870
68880
68881
68889
68890
68907
68910
68919
68931
68942
68957
68964
68968
68969
68981
68990
69015
69022
69024
69026
69033
69034
69040
69041
69049
69062
69072
69096
69103
69105
69110
69119
69121
69123
69127
69129
69130
69133
69136
69139
69150
69151
69153
69159
69179
69181
69183
69186
69193
69195
69203
69207
69218
69223
69232
69233
69260
69262
69263
69278
69281
69283
69285
69287
69297
69301
69307
69308
69312
69315
69338
69369
69375
69378
69380
69383
69384
69391
69394
69397
69398
69405
69412
69428
69439
69440
69445
69451
69463
69467
69475
69481
69498
69499
69509
69533
69535
69543
69547
69560
69561
69568
69576
69577
69587
69596
69603
69611
69613
69638
69645
69648
69654
69655
69658
69670
69675
69699
69706
69718
69725
69727
69737
69738
69739
69741
69748
69752
69756
69764
69772
69775
69804
69811
69812
69813
69821
69827
69828
69831
69835
69844
69845
69848
69857
69859
69876
69885
69900
69912
69933
69934
69935
69946
69951
69955
69956
69976
69979
69995
70000
70006
70010
70015
70018
70027
70033
70035
70036
70039
70040
70043
70044
70048
70049
70053
70058
70064
70066
70068
70074
70075
70077
70111
70112
70121
70125
70126
70132
70136
70139
70170
70174
70181
70187
70188
70189
70190
70191
70196
70200
70213
70214
70216
70220
70237
70241
70252
70255
70259
70266
70267
70268
70271
70282
70284
70294
70296
70303
70307
70326
70332
70341
70342
70355
70359
70363
70365
70366
70367
70368
70371
70372
70373
70387
70406
70411
70413
70425
70437
70440
70447
70448
70450
70452
70454
70456
70459
70475
70482
70486
70491
70492
70498
70500
70503
70505
70512
70523
70533
70540
70541
70542
70544
70549
70565
70571
70579
70581
70616
70627
70629
70645
70657
70660
70661
70663
70675
70677
70683
70684
70686
70687
70689
70691
70693
70696
70705
70711
70732
70736
70753
70767
70783
70789
70795
70797
70827
70828
70831
70832
70833
70836
70863
70874
70875
70883
70886
70909
70913
70919
70920
70923
70941
70954
70960
70961
70962
70991
70994
70999
71000
71003
71004
71005
71006
71014
71015
71016
71021
71024
71026
71032
71047
71054
71055
71075
71079
71085
71089
71100
71108
71117
71127
71128
71131
71132
71136
71138
71143
71152
71156
71161
71166
71171
71179
71185
71190
71195
71204
71220
71225
71242
71246
71247
71252
71255
71258
71263
71264
71272
71276
71290
71294
71301
71306
71329
71341
71343
71369
71371
71378
71380
71386
71388
71391
71397
71402
71404
71411
71414
71438
71449
71451
71453
71458
71473
71477
71491
71498
71499
71500
71507
71508
71531
71532
71534
71538
71541
71547
71548
71555
71556
71558
71560
71566
71569
71573
71574
71575
71579
71601
71605
71611
71626
71641
71642
71650
71651
71653
71666
71672
71678
71681
71685
71690
71693
71697
71703
71704
71706
71709
71710
71712
71732
71739
71740
71751
71757
71762
71764
71767
71773
71780
71781
71796
71801
71804
71813
71818
71819
71822
71823
71834
71841
71845
71847
71848
71858
71869
71874
71882
71886
71887
71909
71919
71929
71943
71944
71945
71975
71986
71987
72012
72025
72027
72030
72033
72043
72044
72050
72051
72052
72054
72066
72068
72071
72077
72079
72081
72088
72089
72091
72102
72108
72113
72120
72126
72145
72151
72157
72160
72167
72168
72170
72189
72220
72226
72232
72242
72249
72257
72260
72267
72268
72269
72288
72297
72308
72311
72323
72326
72329
72338
72339
72345
72364
72365
72371
72410
72414
72416
72424
72426
72427
72429
72431
72433
72441
72455
72470
72471
72491
72501
72525
72528
72538
72541
72550
72551
72561
72564
72568
72569
72577
72582
72583
72585
72586
72589
72592
72599
72619
72625
72636
72661
72671
72688
72701
72709
72732
72736
72737
72742
72743
72770
72772
72776
72784
72790
72791
72804
72817
72829
72831
72832
72834
72839
72842
72845
72850
72851
72857
72858
72859
72862
72865
72869
72872
72874
72879
72906
72907
72912
72920
72924
72927
72928
72933
72937
72948
72951
72962
72965
72977
72984
72985
72986
73002
73006
73007
73011
73013
73032
73038
73055
73063
73088
73091
73095
73102
73108
73111
73122
73123
73128
73132
73134
73166
73169
73175
73176
73181
73183
73185
73186
73194
73195
73203
73204
73210
73213
73216
73220
73221
73245
73247
73264
73266
73279
73290
73312
73347
73349
73357
73364
73375
73386
73389
73393
73395
73399
73405
73407
73408
73410
73422
73443
73448
73450
73451
73452
73454
73455
73457
73458
73460
73462
73463
73465
73471
73473
73474
73476
73479
73487
73489
73502
73503
73505
73512
73516
73518
73527
73533
73536
73539
73544
73549
73578
73579
73600
73604
73609
73625
73630
73633
73657
73668
73672
73675
73688
73692
73705
73706
73707
73708
73712
73720
73724
73726
73758
73761
73765
73770
73772
73783
73784
73797
73800
73840
73846
73857
73863
73864
73869
73874
73877
73878
73883
73887
73888
73894
73899
73901
73914
73933
73938
73941
73947
73948
73954
73957
73967
73981
73985
73998
74000
74003
74004
74008
74032
74036
74052
74059
74061
74094
74095
74097
74104
74121
74125
74137
74141
74142
74146
74148
74152
74153
74156
74170
74180
74183
74185
74186
74187
74188
74199
74200
74203
74212
74220
74222
74230
74233
74236
74247
74248
74250
74257
74261
74271
74279
74286
74288
74312
74314
74315
74316
74322
74323
74326
74329
74334
74335
74336
74343
74352
74371
74375
74380
74385
74391
74402
74403
74420
74436
74437
74446
74450
74453
74461
74462
74468
74469
74471
74481
74488
74492
74502
74510
74516
74522
74537
74545
74550
74553
74562
74565
74584
74586
74594
74601
74607
74614
74616
74631
74634
74643
74655
74656
74674
74676
74680
74682
74691
74692
74720
74724
74729
74730
74735
74740
74749
74762
74764
74767
74768
74779
74789
74798
74807
74809
74819
74820
74829
74847
74856
74858
74869
74902
74907
74910
74917
74922
74955
74966
74967
74968
74969
74972
74975
74980
74981
74986
75018
75019
75040
75041
75047
75048
75049
75054
75055
75059
75063
75064
75067
75076
75077
75080
75115
75127
75137
75149
75165
75166
75179
75185
75188
75202
75204
75214
75230
75234
75235
75236
75240
75246
75268
75274
75275
75280
75284
75288
75289
75294
75295
75296
75298
75304
75307
75308
75309
75314
75343
75346
75347
75348
75349
75352
75353
75355
75368
75371
75372
75382
75387
75389
75409
75413
75428
75431
75434
75440
75446
75447
75449
75451
75458
75462
75469
75473
75480
75482
75502
75506
75508
75517
75523
75524
75526
75528
75532
75533
75535
75536
75541
75542
75543
75545
75546
75559
75567
75620
75625
75629
75639
75645
75658
75671
75674
75680
75683
75689
75691
75694
75697
75698
75716
75719
75722
75731
75733
75735
75745
75787
75788
75793
75798
75799
75807
75809
75821
75823
75847
75854
75860
75874
75878
75884
75890
75912
75918
75922
75924
75928
75962
75963
75964
75966
75967
75979
75984
75986
75998
76000
76001
76008
76014
76016
76018
76028
76031
76033
76036
76037
76038
76044
76050
76064
76066
76078
76081
76101
76105
76126
76127
76148
76150
76152
76157
76161
76162
76163
76169
76174
76188
76198
76211
76233
76237
76243
76248
76249
76261
76267
76274
76275
76278
76283
76287
76288
76301
76315
76318
76324
76332
76334
76342
76343
76348
76376
76377
76396
76402
76411
76415
76420
76423
76424
76436
76441
76445
76451
76466
76473
76476
76477
76478
76479
76488
76493
76497
76498
76502
76517
76520
76534
76536
76545
76563
76564
76572
76573
76584
76588
76597
76608
76616
76622
76626
76629
76631
76636
76645
76667
76668
76676
76677
76678
76679
76682
76683
76685
76688
76689
76691
76701
76716
76728
76736
76751
76763
76768
76777
76779
76793
76797
76801
76802
76804
76822
76826
76828
76831
76833
76835
76850
76851
76858
76860
76861
76865
76882
76884
76893
76898
76928
76933
76934
76938
76944
76945
76962
76971
76973
76986
76990
76994
77007
77008
77011
77013
77040
77043
77044
77052
77055
77077
77080
77088
77108
77113
77118
77126
77129
77135
77138
77149
77161
77171
77187
77192
77195
77203
77205
77207
77228
77236
77237
77242
77246
77256
77258
77268
77279
77285
77287
77304
77310
77313
77314
77323
77332
77356
77368
77393
77395
77397
77413
77415
77416
77417
77421
77429
77434
77437
77450
77460
77466
77468
77471
77472
77473
77475
77476
77517
77525
77542
77544
77546
77548
77549
77556
77573
77584
77594
77596
77625
77633
77636
77637
77638
77640
77654
77655
77658
77660
77662
77663
77664
77666
77676
77699
77723
77729
77732
77733
77749
77763
77766
77769
77771
77782
77785
77788
77802
77807
77816
77835
77838
77840
77847
77849
77851
77857
77858
77859
77860
77861
77868
77870
77877
77889
77890
77893
77896
77901
77902
77907
77916
77937
77943
77944
77960
77969
77972
77973
77975
77979
77985
77993
77995
77996
77998
77999
78000
78001
78002
78006
78008
78010
78011
78012
78014
78019
78022
78068
78080
78091
78097
78106
78117
78118
78124
78129
78137
78139
78148
78151
78164
78166
78169
78170
78177
78202
78216
78219
78221
78237
78252
78253
78275
78276
78282
78286
78291
78302
78303
78313
78314
78316
78317
78320
78324
78331
78334
78344
78347
78349
78355
78357
78375
78380
78381
78389
78391
78393
78396
78398
78399
78401
78404
78406
78407
78413
78416
78423
78435
78438
78446
78452
78464
78466
78470
78471
78481
78488
78515
78520
78538
78539
78554
78566
78571
78572
78580
78592
78603
78609
78611
78618
78621
78623
78624
78632
78636
78637
78639
78644
78645
78649
78654
78661
78682
78683
78691
78692
78703
78713
78716
78717
78719
78729
78758
78789
78791
78794
78799
78809
78818
78826
78832
78841
78842
78844
78846
78847
78849
78850
78871
78874
78877
78882
78883
78884
78886
78890
78903
78905
78910
78921
78944
78948
78956
78963
78967
78970
78974
78976
78977
78979
78980
78998
79012
79018
79029
79037
79038
79046
79054
79071
79078
79085
79088
79091
79101
79113
79124
79129
79130
79131
79132
79134
79148
79157
79168
79183
79189
79194
79195
79197
79198
79205
79214
79217
79218
79226
79238
79258
79261
79264
79284
79288
79289
79290
79304
79316
79323
79325
79340
79342
79349
79352
79359
79360
79364
79366
79369
79373
79375
79376
79379
79384
79392
79393
79401
79404
79415
79427
79444
79449
79459
79462
79463
79487
79493
79495
79498
79503
79516
79517
79522
79524
79525
79533
79573
79575
79577
79589
79597
79612
79613
79630
79654
79655
79658
79666
79670
79672
79681
79686
79693
79701
79703
79707
79714
79720
79725
79729
79732
79739
79741
79748
79760
79768
79769
79776
79780
79795
79798
79816
79817
79824
79828
79830
79834
79835
79840
79846
79850
79851
79856
79858
79865
79866
79870
79872
79877
79884
79885
79894
79895
79917
79921
79924
79927
79937
79943
79949
79950
79953
79964
79972
79979
79998
79999
80005
80018
80020
80023
80026
80031
80033
80043
80044
80049
80050
80062
80069
80074
80079
80082
80089
80091
80099
80104
80118
80126
80133
80140
80153
80177
80178
80180
80182
80186
80188
80190
80192
80194
80197
80199
80204
80208
80209
80211
80219
80225
80249
80256
80285
80292
80308
80311
80314
80321
80324
80336
80340
80343
80367
80371
80408
80412
80416
80417
80418
80426
80428
80431
80434
80444
80457
80460
80464
80474
80481
80489
80497
80510
80515
80518
80526
80528
80548
80557
80561
80568
80572
80584
80586
80587
80588
80594
80602
80610
80615
80618
80641
80653
80654
80656
80658
80661
80664
80666
80667
80672
80673
80674
80688
80689
80692
80695
80696
80707
80713
80714
80715
80730
80732
80736
80742
80744
80753
80764
80767
80791
80795
80811
80814
80825
80834
80837
80839
80842
80849
80855
80865
80875
80880
80898
80906
80913
80915
80917
80921
80925
80927
80933
80941
80965
80974
80977
80996
81007
81012
81014
81018
81038
81040
81042
81044
81046
81047
81049
81052
81055
81057
81060
81069
81070
81084
81102
81105
81112
81118
81129
81137
81138
81146
81155
81158
81173
81174
81180
81182
81196
81199
81201
81207
81208
81214
81222
81230
81243
81244
81251
81254
81257
81261
81274
81275
81278
81281
81284
81291
81293
81294
81296
81300
81324
81325
81327
81336
81337
81342
81348
81377
81388
81389
81392
81394
81395
81399
81403
81412
81419
81438
81441
81444
81482
81493
81509
81512
81526
81539
81542
81546
81548
81551
81553
81556
81569
81570
81572
81575
81576
81584
81586
81594
81622
81624
81641
81674
81675
81676
81678
81685
81688
81691
81693
81697
81703
81704
81709
81716
81718
81724
81738
81740
81753
81758
81760
81790
81799
81800
81805
81809
81811
81815
81817
81820
81821
81822
81839
81865
81867
81876
81882
81893
81907
81911
81927
81931
81935
81940
81942
81944
81952
81953
81961
81962
81979
81980
81990
81994
82001
82005
82006
82016
82017
82042
82047
82062
82070
82071
82079
82082
82098
82112
82116
82117
82121
82123
82125
82131
82142
82149
82153
82159
82166
82167
82186
82192
82200
82212
82222
82233
82235
82236
82244
82248
82250
82253
82258
82259
82260
82262
82286
82288
82294
82309
82311
82323
82336
82346
82349
82350
82368
82373
82377
82389
82402
82404
82416
82427
82444
82449
82453
82455
82468
82477
82486
82489
82498
82500
82504
82505
82507
82508
82509
82523
82552
82556
82562
82565
82569
82582
82586
82604
82605
82608
82619
82625
82638
82640
82646
82662
82677
82708
82724
82727
82728
82731
82734
82739
82751
82755
82765
82770
82782
82785
82786
82793
82796
82803
82808
82826
82827
82828
82838
82840
82845
82854
82858
82868
82885
82893
82902
82905
82908
82926
82927
82941
82951
82952
82955
82963
82968
82978
82979
82980
82988
82989
82992
82994
83003
83023
83031
83033
83050
83057
83058
83070
83073
83074
83075
83081
83083
83085
83088
83092
83098
83099
83107
83108
83115
83136
83141
83148
83159
83162
83167
83169
83180
83183
83191
83192
83200
83205
83233
83249
83260
83267
83286
83294
83310
83324
83327
83328
83334
83340
83346
83349
83354
83360
83369
83370
83380
83391
83402
83408
83416
83421
83431
83435
83438
83450
83457
83463
83464
83467
83469
83471
83474
83477
83488
83495
83503
83505
83506
83507
83516
83528
83533
83547
83554
83555
83558
83563
83564
83566
83570
83571
83577
83579
83615
83616
83624
83626
83633
83634
83637
83639
83644
83648
83665
83666
83668
83678
83680
83685
83686
83689
83694
83712
83717
83725
83727
83735
83744
83750
83753
83755
83763
83785
83787
83798
83799
83809
83810
83811
83812
83826
83835
83858
83871
83880
83882
83892
83894
83901
83902
83903
83909
83913
83917
83919
83921
83928
83932
83937
83940
83951
83952
83956
83968
83978
83980
83981
83982
83985
83986
83989
83992
84016
84017
84024
84026
84028
84032
84037
84049
84065
84066
84069
84074
84076
84106
84116
84122
84127
84128
84131
84133
84137
84142
84151
84157
84172
84175
84177
84186
84187
84191
84192
84193
84197
84221
84262
84274
84283
84284
84297
84304
84305
84306
84308
84310
84317
84326
84328
84334
84339
84340
84352
84376
84383
84384
84398
84412
84418
84423
84427
84449
84462
84468
84471
84477
84485
84506
84511
84514
84515
84538
84540
84551
84562
84563
84565
84566
84573
84578
84580
84582
84600
84602
84603
84616
84617
84625
84629
84634
84643
84648
84649
84651
84661
84671
84715
84730
84734
84738
84739
84744
84746
84755
84756
84762
84767
84776
84778
84780
84782
84790
84816
84820
84824
84833
84838
84841
84852
84859
84867
84868
84878
84892
84897
84903
84920
84922
84925
84926
84937
84951
84953
84955
84956
84980
84987
84990
84993
85002
85015
85016
85017
85021
85022
85032
85037
85046
85048
85062
85074
85080
85082
85085
85088
85089
85093
85099
85101
85107
85108
85110
85113
85116
85118
85125
85127
85155
85168
85185
85188
85192
85204
85206
85211
85213
85214
85233
85240
85247
85252
85263
85268
85273
85274
85279
85286
85289
85290
85335
85336
85339
85343
85345
85347
85349
85350
85351
85355
85356
85358
85361
85363
85368
85369
85370
85374
85404
85411
85443
85447
85460
85465
85467
85473
85484
85487
85490
85498
85500
85511
85515
85524
85526
85527
85531
85540
85546
85550
85551
85556
85562
85563
85564
85565
85595
85600
85604
85607
85615
85622
85627
85633
85652
85664
85680
85681
85700
85706
85707
85708
85709
85718
85719
85720
85727
85748
85753
85761
85782
85785
85787
85795
85797
85800
85801
85808
85815
85816
85829
85837
85843
85853
85855
85856
85859
85863
85867
85871
85878
85883
85884
85888
85889
85893
85895
85900
85912
85913
85916
85931
85932
85939
85945
85961
85965
85972
85973
85981
86013
86019
86031
86049
86050
86051
86057
86059
86070
86071
86089
86090
86099
86109
86112
86123
86134
86138
86139
86141
86146
86161
86163
86175
86178
86182
86188
86189
86192
86196
86220
86249
86250
86253
86254
86257
86260
86266
86269
86271
86276
86278
86297
86299
86302
86307
86309
86317
86339
86354
86355
86368
86372
86377
86380
86409
86424
86425
86429
86430
86438
86439
86443
86455
86465
86467
86477
86478
86479
86490
86504
86514
86515
86519
86522
86537
86544
86547
86548
86550
86594
86599
86606
86616
86621
86622
86624
86626
86628
86635
86645
86647
86653
86661
86666
86678
86691
86700
86716
86723
86724
86736
86739
86747
86752
86768
86771
86774
86787
86791
86794
86795
86808
86826
86833
86836
86837
86839
86841
86842
86847
86848
86858
86862
86864
86865
86872
86885
86893
86897
86901
86922
86925
86937
86938
86939
86945
86950
86958
86960
86972
86974
86975
86996
87000
87005
87006
87023
87025
87030
87036
87039
87057
87059
87071
87072
87073
87076
87077
87079
87085
87089
87095
87099
87101
87103
87107
87131
87138
87144
87150
87151
87153
87154
87155
87157
87160
87167
87168
87169
87171
87173
87178
87181
87182
87186
87210
87214
87217
87222
87228
87232
87235
87238
87266
87285
87294
87295
87299
87306
87314
87324
87325
87332
87335
87350
87356
87370
87373
87377
87378
87381
87384
87387
87388
87400
87413
87419
87420
87421
87428
87443
87448
87457
87458
87463
87474
87476
87481
87491
87492
87499
87505
87512
87515
87525
87528
87545
87562
87568
87572
87581
87590
87592
87594
87600
87602
87609
87619
87620
87623
87631
87647
87651
87659
87669
87672
87673
87683
87690
87693
87694
87700
87703
87710
87714
87731
87750
87751
87755
87759
87760
87765
87772
87778
87783
87785
87811
87817
87819
87824
87825
87828
87830
87841
87842
87846
87854
87855
87868
87870
87872
87883
87928
87930
87935
87936
87947
87951
87956
87960
87963
87964
87965
87966
87971
87974
87976
88016
88020
88025
88032
88035
88036
88038
88039
88041
88059
88072
88073
88081
88084
88094
88101
88104
88137
88151
88155
88156
88166
88172
88175
88180
88205
88229
88231
88232
88235
88240
88242
88253
88267
88273
88277
88282
88289
88294
88301
88305
88308
88310
88328
88333
88334
88339
88340
88360
88363
88364
88369
88374
88375
88382
88404
88407
88408
88416
88426
88428
88441
88443
88445
88449
88456
88457
88466
88468
88471
88474
88484
88498
88509
88510
88521
88529
88532
88533
88546
88551
88556
88557
88559
88569
88572
88579
88600
88604
88605
88610
88611
88616
88621
88622
88624
88627
88632
88634
88636
88637
88640
88646
88647
88654
88656
88679
88685
88687
88689
88695
88700
88701
88712
88718
88719
88720
88721
88731
88732
88735
88736
88738
88742
88755
88768
88780
88787
88790
88792
88797
88812
88813
88823
88826
88834
88839
88840
88846
88847
88850
88851
88860
88863
88872
88875
88887
88892
88893
88895
88898
88902
88908
88911
88914
88921
88923
88944
88945
88947
88955
88958
88966
88980
88982
88994
88996
88999
89001
89005
89026
89027
89036
89037
89038
89042
89045
89047
89050
89056
89060
89081
89082
89083
89085
89096
89106
89111
89125
89132
89142
89148
89152
89153
89173
89188
89204
89206
89208
89211
89236
89237
89244
89252
89253
89258
89265
89275
89279
89280
89281
89282
89286
89293
89295
89303
89308
89316
89319
89326
89330
89334
89335
89337
89345
89347
89357
89371
89374
89394
89404
89427
89440
89441
89442
89447
89449
89454
89456
89458
89468
89472
89476
89479
89480
89486
89489
89512
89521
89523
89525
89527
89530
89532
89538
89540
89544
89546
89547
89549
89550
89564
89588
89589
89596
89606
89654
89672
89680
89681
89707
89708
89714
89715
89721
89726
89727
89728
89732
89733
89742
89750
89769
89778
89779
89805
89810
89814
89826
89849
89853
89860
89865
89868
89870
89904
89907
89917
89929
89944
89946
89947
89959
89965
89968
89969
89973
89978
89980
89994
89996
90007
90009
90015
90016
90023
90024
90029
90030
90037
90041
90043
90049
90060
90071
90076
90082
90084
90088
90097
90109
90117
90130
90131
90132
90133
90137
90138
90139
90143
90167
90183
90186
90188
90197
90198
90199
90201
90203
90205
90206
90210
90217
90220
90221
90223
90224
90226
90232
90236
90239
90244
90259
90265
90269
90300
90302
90306
90310
90314
90315
90317
90318
90340
90348
90349
90351
90356
90360
90370
90377
90378
90382
90391
90393
90394
90397
90434
90441
90448
90450
90451
90453
90456
90459
90464
90467
90470
90475
90484
90487
90491
90498
90509
90517
90518
90525
90530
90535
90543
90545
90548
90568
90575
90582
90601
90605
90610
90619
90626
90627
90640
90643
90645
90657
90665
90676
90706
90719
90723
90725
90726
90731
90733
90736
90738
90748
90749
90756
90757
90768
90772
90773
90794
90797
90805
90806
90822
90846
90852
90855
90859
90879
90890
90891
90896
90900
90903
90904
90905
90906
90911
90919
90941
90962
90966
90967
90974
90987
90993
90994
90995
91005
91009
91018
91023
91030
91031
91034
91053
91064
91070
91078
91084
91096
91120
91134
91140
91142
91145
91149
91151
91153
91173
91174
91176
91179
91192
91194
91204
91217
91230
91235
91239
91245
91257
91258
91260
91263
91265
91290
91293
91295
91296
91300
91304
91305
91307
91320
91322
91323
91338
91347
91356
91359
91364
91379
91381
91382
91385
91390
91391
91397
91409
91431
91463
91475
91476
91480
91490
91494
91497
91500
91501
91502
91505
91507
91513
91523
91533
91539
91547
91566
91574
91598
91603
91607
91615
91629
91631
91641
91648
91649
91673
91675
91676
91679
91687
91691
91695
91699
91705
91707
91708
91709
91711
91730
91731
91740
91742
91743
91744
91745
91748
91752
91754
91757
91758
91759
91760
91761
91766
91768
91795
91798
91805
91807
91814
91815
91823
91825
91827
91829
91843
91846
91858
91877
91879
91880
91890
91894
91902
91904
91905
91909
91920
91921
91925
91928
91930
91933
91945
91952
91953
91960
91961
91971
91975
91980
91987
91990
91995
92002
92004
92005
92007
92008
92011
92014
92022
92024
92028
92036
92045
92055
92058
92060
92065
92103
92106
92120
92121
92122
92124
92129
92148
92151
92154
92158
92188
92205
92211
92212
92215
92218
92219
92220
92223
92225
92227
92230
92232
92242
92243
92245
92246
92261
92281
92292
92296
92297
92305
92316
92319
92322
92340
92345
92352
92363
92365
92370
92373
92385
92389
92390
92393
92397
92399
92409
92430
92437
92455
92456
92459
92460
92462
92466
92470
92473
92476
92479
92480
92487
92492
92501
92508
92510
92517
92529
92535
92536
92541
92575
92578
92594
92597
92598
92603
92614
92617
92624
92628
92632
92637
92647
92653
92655
92657
92663
92664
92674
92689
92694
92697
92699
92702
92704
92705
92709
92729
92733
92741
92742
92751
92775
92806
92836
92845
92848
92849
92852
92862
92865
92869
92872
92883
92885
92886
92891
92892
92903
92912
92916
92920
92921
92932
92935
92938
92949
92956
92959
92963
92967
92968
92973
92975
92976
92985
92991
92998
93000
93001
93008
93013
93015
93028
93031
93032
93036
93037
93038
93041
93050
93060
93062
93077
93088
93091
93096
93099
93106
93113
93114
93119
93125
93126
93128
93131
93134
93150
93158
93162
93174
93175
93177
93192
93193
93195
93198
93199
93212
93222
93225
93244
93248
93262
93265
93271
93295
93298
93314
93323
93336
93342
93343
93344
93358
93360
93369
93371
93373
93376
93377
93381
93383
93387
93405
93413
93419
93436
93438
93446
93457
93465
93467
93473
93485
93492
93497
93523
93525
93539
93547
93550
93551
93556
93558
93565
93569
93596
93600
93601
93620
93622
93635
93638
93646
93647
93651
93654
93655
93659
93661
93675
93681
93683
93691
93699
93701
93712
93718
93719
93721
93731
93732
93743
93751
93752
93763
93768
93774
93775
93782
93784
93793
93796
93798
93810
93814
93815
93817
93821
93823
93831
93832
93836
93847
93854
93857
93870
93899
93900
93901
93906
93907
93910
93917
93924
93926
93928
93938
93947
93964
93996
94002
94004
94010
94015
94022
94023
94029
94031
94036
94048
94049
94057
94060
94063
94082
94090
94091
94097
94120
94130
94132
94141
94153
94155
94156
94158
94162
94163
94164
94175
94201
94202
94211
94231
94234
94235
94238
94242
94255
94266
94280
94281
94283
94290
94295
94298
94306
94313
94314
94318
94320
94323
94336
94338
94340
94341
94343
94348
94351
94355
94356
94358
94362
94376
94387
94394
94414
94415
94420
94422
94424
94435
94436
94441
94444
94447
94455
94462
94463
94476
94486
94504
94509
94519
94521
94533
94538
94540
94541
94542
94544
94551
94561
94564
94584
94588
94592
94605
94610
94612
94613
94614
94622
94632
94643
94660
94664
94670
94680
94681
94691
94696
94704
94711
94712
94716
94721
94730
94736
94737
94744
94753
94754
94755
94767
94768
94770
94773
94779
94805
94812
94814
94817
94836
94839
94840
94842
94851
94856
94861
94863
94866
94868
94869
94870
94871
94883
94896
94898
94899
94912
94913
94915
94929
94935
94938
94944
94969
94971
94974
94976
94979
94992
94993
94995
95003
95009
95016
95035
95043
95044
95051
95062
95064
95079
95080
95084
95085
95092
95099
95105
95125
95139
95141
95145
95146
95150
95151
95154
95155
95157
95163
95164
95173
95183
95184
95187
95215
95218
95224
95227
95231
95243
95244
95246
95250
95258
95265
95270
95299
95304
95307
95311
95319
95330
95335
95336
95341
95343
95351
95354
95364
95381
95387
95388
95389
95392
95399
95401
95417
95420
95426
95436
95465
95468
95470
95472
95475
95477
95489
95496
95502
95509
95515
95516
95520
95527
95532
95534
95537
95559
95563
95565
95566
95568
95572
95573
95582
95585
95587
95594
95602
95608
95609
95625
95641
95643
95645
95646
95648
95654
95662
95669
95676
95703
95709
95711
95720
95727
95735
95737
95749
95750
95758
95759
95764
95766
95769
95785
95786
95788
95795
95799
95803
95819
95830
95837
95840
95843
95854
95864
95875
95876
95879
95883
95915
95916
95917
95921
95935
95937
95948
95971
95986
95987
96013
96020
96042
96044
96046
96047
96048
96052
96054
96055
96059
96061
96068
96070
96073
96075
96080
96082
96087
96093
96098
96115
96120
96121
96127
96131
96135
96153
96156
96163
96168
96178
96180
96181
96183
96199
96212
96215
96217
96220
96221
96224
96231
96233
96236
96260
96275
96286
96290
96292
96295
96297
96299
96306
96328
96337
96345
96353
96355
96372
96375
96376
96381
96383
96392
96395
96405
96406
96408
96414
96415
96430
96448
96449
96450
96455
96458
96464
96467
96492
96493
96495
96500
96504
96511
96512
96522
96534
96550
96562
96563
96569
96583
96588
96591
96593
96609
96627
96631
96642
96647
96655
96667
96677
96678
96685
96686
96695
96713
96721
96727
96740
96742
96745
96749
96750
96751
96755
96777
96786
96791
96802
96808
96813
96820
96822
96823
96828
96846
96848
96854
96863
96868
96869
96873
96888
96893
96901
96907
96930
96935
96948
96949
96950
96953
96955
96965
96994
96996
97007
97012
97013
97033
97042
97049
97063
97070
97078
97083
97086
97107
97109
97118
97120
97136
97137
97143
97163
97166
97175
97177
97186
97188
97189
97194
97209
97226
97247
97250
97251
97252
97306
97319
97321
97326
97334
97362
97367
97378
97381
97382
97384
97386
97389
97390
97394
97402
97404
97420
97427
97438
97439
97444
97451
97454
97461
97464
97471
97473
97480
97489
97493
97494
97507
97516
97532
97540
97555
97558
97559
97566
97572
97575
97579
97598
97601
97602
97603
97609
97611
97616
97618
97620
97621
97635
97648
97655
97656
97661
97664
97670
97682
97702
97706
97713
97720
97730
97737
97745
97748
97749
97753
97754
97756
97757
97767
97774
97775
97781
97784
97786
97796
97813
97821
97826
97831
97844
97849
97850
97859
97860
97861
97865
97867
97873
97877
97878
97879
97884
97886
97913
97922
97928
97936
97940
97949
97950
97984
97988
97994
97999
98003
98006
98013
98016
98020
98024
98027
98031
98037
98040
98051
98054
98055
98056
98062
98063
98064
98066
98081
98085
98090
98097
98103
98105
98109
98115
98116
98117
98128
98144
98159
98161
98168
98176
98178
98185
98188
98191
98200
98203
98205
98210
98220
98225
98227
98247
98248
98258
98270
98276
98281
98289
98309
98312
98315
98317
98324
98329
98339
98341
98375
98383
98393
98396
98400
98401
98404
98406
98407
98410
98412
98413
98416
98418
98421
98442
98461
98462
98464
98483
98490
98491
98492
98496
98508
98512
98527
98529
98532
98534
98545
98546
98547
98548
98572
98576
98577
98583
98591
98601
98606
98608
98615
98617
98619
98623
98625
98636
98639
98644
98653
98662
98683
98685
98689
98704
98716
98723
98735
98751
98757
98763
98764
98765
98768
98773
98777
98785
98800
98813
98824
98826
98827
98832
98835
98849
98852
98870
98889
98898
98903
98905
98906
98907
98908
98911
98912
98913
98915
98919
98924
98925
98938
98947
98949
98951
98968
98972
98975
98979
98984
98987
98988
98989
98993
98998
99004
99009
99013
99029
99032
99037
99040
99050
99061
99069
99070
99076
99079
99086
99087
99092
99093
99116
99119
99121
99125
99133
99155
99164
99166
99169
99172
99173
99176
99179
99185
99194
99195
99201
99216
99222
99228
99230
99241
99243
99245
99246
99251
99254
99258
99285
99288
99298
99316
99317
99329
99349
99358
99359
99360
99369
99377
99384
99385
99387
99389
99391
99394
99409
99412
99413
99424
99426
99428
99434
99443
99445
99446
99458
99468
99471
99484
99486
99498
99500
99503
99508
99513
99514
99522
99533
99537
99539
99540
99543
99544
99547
99558
99570
99576
99591
99600
99606
99607
99609
99635
99637
99639
99642
99648
99650
99661
99662
99671
99675
99680
99704
99713
99718
99728
99758
99772
99776
99777
99782
99784
99805
99808
99809
99811
99817
99819
99821
99822
99826
99827
99833
99837
99838
99840
99841
99844
99845
99856
99858
99861
99889
99904
99909
99910
99911
99924
99926
99939
99957
99964
99968
99971
99977
99981
99984
99985
99986
99990
99994
99996
99999
100009
100022
100023
100028
100040
100042
100049
100052
100058
100067
100070
100076
100091
100097
100098
100108
100122
100133
100147
100153
100155
100156
100159
100164
100165
100166
100167
100186
100187
100197
100200
100206
100208
100209
100225
100229
100230
100234
100239
100241
100247
100251
100266
100270
100291
100300
100315
100316
100322
100333
100340
100343
100344
100357
100362
100378
100379
100385
100390
100391
100392
100397
100398
100402
100405
100408
100423
100440
100442
100458
100465
100473
100477
100492
100494
100517
100529
100540
100547
100567
100576
100580
100583
100611
100615
100625
100626
100627
100628
100631
100633
100642
100647
100653
100669
100671
100675
100679
100692
100713
100723
100742
100754
100758
100766
100768
100770
100774
100780
100787
100788
100790
100794
100803
100809
100811
100825
100826
100838
100840
100842
100846
100849
100855
100873
100875
100891
100895
100900
100903
100904
100908
100910
100912
100914
100921
100922
100930
100932
100945
100958
100963
100970
100973
100981
101003
101004
101011
101024
101030
101032
101034
101035
101041
101051
101053
101074
101078
101087
101089
101094
101114
101119
101127
101135
101138
101139
101142
101147
101153
101154
101155
101180
101198
101205
101216
101220
101224
101228
101231
101235
101256
101277
101280
101287
101289
101295
101296
101318
101321
101354
101355
101357
101363
101367
101371
101373
101376
101380
101387
101404
101408
101412
101414
101417
101420
101424
101426
101437
101440
101443
101449
101452
101456
101463
101468
101482
101497
101500
101524
101526
101534
101536
101537
101538
101539
101548
101555
101576
101584
101585
101587
101589
101593
101595
101596
101607
101608
101611
101612
101623
101629
101638
101640
101641
101648
101650
101666
101672
101681
101704
101710
101714
101719
101733
101738
101739
101742
101758
101764
101779
101781
101788
101791
101795
101807
101812
101820
101821
101825
101853
101859
101865
101869
101870
101871
101880
101881
101887
101907
101912
101922
101930
101934
101935
101936
101944
101954
101956
101964
101975
101977
101997
102003
102016
102024
102029
102038
102055
102060
102064
102072
102074
102080
102086
102088
102100
102103
102122
102125
102128
102131
102135
102138
102141
102153
102161
102180
102187
102188
102191
102197
102202
102204
102206
102213
102224
102230
102238
102247
102250
102265
102266
102284
102300
102302
102303
102305
102310
102314
102316
102319
102326
102330
102333
102334
102335
102340
102348
102353
102358
102381
102385
102393
102394
102399
102401
102402
102404
102407
102408
102414
102420
102434
102449
102451
102458
102464
102481
102485
102503
102506
102532
102534
102538
102549
102552
102556
102557
102561
102562
102563
102566
102569
102584
102609
102612
102619
102626
102628
102634
102637
102638
102642
102643
102647
102648
102668
102669
102670
102671
102676
102679
102685
102686
102691
102692
102693
102696
102705
102711
102742
102774
102776
102784
102785
102792
102814
102816
102818
102821
102822
102826
102833
102841
102858
102859
102870
102873
102890
102904
102909
102917
102918
102921
102928
102933
102935
102942
102944
102953
102960
102964
102967
102968
102976
102980
102987
102989
102990
102992
102996
103007
103010
103015
103017
103026
103028
103029
103033
103037
103038
103051
103053
103059
103084
103085
103086
103090
103093
103107
103113
103118
103122
103139
103141
103146
103154
103164
103170
103176
103179
103183
103186
103188
103193
103195
103196
103205
103206
103239
103252
103264
103272
103275
103286
103307
103315
103316
103317
103321
103326
103333
103334
103335
103338
103340
103344
103346
103348
103367
103371
103372
103376
103383
103390
103397
103411
103413
103414
103445
103452
103454
103458
103465
103495
103503
103505
103507
103512
103521
103558
103561
103562
103563
103566
103567
103575
103577
103578
103581
103582
103587
103589
103596
103599
103628
103643
103645
103649
103669
103673
103674
103683
103697
103699
103701
103707
103711
103733
103758
103762
103770
103780
103795
103799
103802
103812
103814
103815
103818
103819
103821
103825
103827
103830
103832
103834
103841
103859
103860
103868
103869
103890
103916
103929
103949
103954
103955
103956
103958
103971
103995
104001
104002
104012
104014
104022
104032
104054
104055
104060
104062
104063
104065
104068
104079
104081
104088
104098
104099
104118
104122
104146
104147
104154
104155
104157
104160
104164
104175
104192
104194
104197
104199
104203
104208
104211
104212
104222
104230
104233
104235
104236
104242
104243
104246
104250
104254
104255
104256
104257
104260
104281
104282
104283
104284
104288
104289
104298
104299
104302
104305
104308
104315
104334
104341
104345
104351
104352
104361
104372
104381
104387
104396
104400
104419
104427
104428
104434
104444
104448
104455
104457
104463
104485
104486
104487
104500
104511
104512
104513
104524
104526
104536
104554
104567
104569
104573
104579
104599
104609
104612
104614
104618
104620
104626
104628
104631
104650
104653
104660
104667
104668
104669
104686
104687
104695
104697
104701
104718
104722
104723
104729
104731
104735
104737
104739
104749
104750
104755
104762
104765
104766
104767
104768
104770
104786
104788
104792
104796
104801
104803
104804
104813
104816
104824
104825
104831
104832
104837
104866
104869
104875
104900
104907
104909
104913
104917
104923
104929
104932
104935
104938
104945
104947
104959
104974
104983
104986
104991
104998
105004
105005
105006
105010
105013
105017
105020
105021
105029
105032
105034
105041
105046
105061
105065
105071
105081
105082
105086
105090
105095
105100
105108
105121
105122
105125
105143
105148
105153
105158
105169
105174
105181
105184
105186
105193
105194
105196
105200
105217
105226
105236
105249
105255
105257
105258
105262
105270
105273
105274
105275
105280
105281
105283
105289
105290
105303
105310
105314
105320
105321
105322
105330
105342
105343
105347
105371
105376
105377
105390
105395
105398
105407
105423
105431
105433
105434
105449
105451
105465
105469
105470
105471
105473
105480
105483
105490
105492
105493
105498
105508
105519
105530
105538
105541
105552
105560
105563
105565
105568
105570
105572
105602
105603
105613
105618
105619
105625
105632
105633
105642
105651
105662
105667
105673
105685
105690
105701
105703
105704
105708
105715
105716
105718
105727
105743
105751
105752
105763
105770
105772
105779
105788
105799
105800
105803
105804
105807
105813
105830
105833
105834
105839
105845
105852
105853
105859
105866
105872
105884
105901
105922
105926
105928
105931
105934
105935
105942
105946
105953
105954
105955
105962
105963
105969
105978
106001
106007
106009
106013
106017
106026
106035
106050
106056
106058
106063
106065
106066
106067
106068
106071
106085
106091
106094
106096
106101
106102
106106
106118
106121
106147
106157
106167
106189
106190
106192
106193
106208
106209
106215
106216
106219
106221
106226
106228
106233
106234
106237
106249
106254
106277
106282
106285
106289
106295
106301
106314
106344
106357
106364
106370
106393
106405
106426
106430
106432
106435
106445
106446
106451
106474
106476
106480
106490
106492
106508
106518
106539
106551
106566
106573
106575
106577
106579
106588
106589
106596
106600
106610
106613
106618
106621
106623
106626
106628
106630
106635
106642
106644
106649
106650
106660
106672
106674
106681
106686
106687
106688
106690
106697
106699
106702
106722
106725
106727
106738
106753
106764
106794
106800
106824
106832
106833
106837
106839
106841
106862
106868
106888
106898
106903
106904
106905
106907
106913
106914
106916
106920
106923
106928
106939
106955
106967
106974
106975
106979
106983
106993
106997
107005
107022
107026
107028
107029
107037
107047
107048
107049
107065
107068
107076
107077
107080
107091
107093
107099
107116
107117
107120
107123
107137
107144
107145
107148
107176
107179
107180
107185
107197
107210
107218
107221
107229
107232
107253
107254
107257
107259
107267
107269
107275
107277
107281
107283
107291
107299
107305
107338
107340
107345
107348
107349
107351
107355
107370
107377
107380
107381
107383
107389
107395
107406
107411
107413
107415
107419
107420
107436
107439
107440
107445
107457
107458
107459
107462
107463
107467
107468
107472
107475
107478
107495
107496
107503
107517
107535
107539
107544
107546
107548
107556
107564
107567
107568
107570
107586
107595
107597
107598
107599
107601
107604
107608
107614
107616
107618
107619
107625
107626
107629
107636
107641
107657
107676
107682
107687
107692
107695
107699
107711
107726
107743
107767
107768
107771
107774
107777
107784
107789
107790
107792
107804
107808
107810
107848
107854
107871
107874
107876
107879
107893
107897
107910
107911
107925
107930
107931
107935
107941
107944
107949
107970
107975
107981
107986
107988
108001
108003
108010
108047
108052
108060
108061
108066
108070
108085
108086
108091
108092
108094
108098
108139
108144
108148
108154
108155
108159
108161
108170
108171
108173
108186
108213
108215
108218
108226
108227
108233
108242
108247
108249
108273
108278
108279
108294
108295
108311
108316
108320
108324
108334
108335
108337
108340
108343
108344
108347
108349
108352
108354
108356
108359
108364
108379
108382
108384
108385
108407
108410
108413
108422
108444
108455
108459
108471
108474
108479
108482
108488
108500
108515
108517
108521
108528
108531
108535
108536
108545
108549
108553
108555
108558
108569
108570
108575
108591
108618
108619
108622
108623
108628
108630
108633
108640
108643
108658
108664
108675
108678
108685
108687
108690
108691
108698
108699
108700
108704
108708
108709
108718
108724
108754
108757
108758
108760
108761
108770
108772
108777
108779
108788
108789
108791
108796
108798
108814
108815
108819
108833
108837
108843
108850
108851
108862
108863
108864
108867
108870
108871
108872
108873
108885
108887
108893
108902
108910
108919
108921
108923
108950
108951
108957
108969
108974
108978
108980
108982
108985
108986
108990
108992
108993
108996
108998
109001
109031
109038
109064
109068
109069
109072
109077
109079
109080
109092
109103
109112
109113
109119
109121
109124
109129
109130
109132
109141
109145
109148
109157
109159
109160
109165
109195
109197
109200
109204
109206
109208
109211
109212
109216
109224
109235
109239
109261
109266
109275
109286
109293
109299
109301
109307
109310
109328
109343
109364
109368
109373
109376
109384
109386
109396
109398
109402
109403
109405
109407
109411
109419
109423
109428
109430
109434
109436
109442
109444
109452
109453
109457
109458
109462
109473
109478
109480
109488
109492
109501
109502
109541
109545
109549
109551
109553
109561
109566
109569
109570
109575
109576
109579
109582
109587
109595
109608
109610
109612
109631
109636
109643
109651
109659
109662
109671
109676
109680
109681
109687
109693
109694
109708
109716
109733
109740
109797
109814
109818
109824
109826
109829
109849
109856
109861
109862
109875
109877
109881
109883
109905
109915
109918
109928
109929
109930
109931
109938
109939
109941
109942
109943
109952
109953
109961
109962
109965
109970
109989
109995
109999
110020
110030
110052
110053
110056
110059
110061
110065
110066
110071
110075
110079
110080
110082
110084
110096
110102
110103
110116
110133
110138
110143
110151
110160
110168
110174
110181
110198
110216
110224
110238
110241
110245
110254
110257
110263
110273
110276
110278
110279
110280
110283
110286
110295
110302
110304
110310
110320
110321
110324
110326
110345
110348
110360
110367
110370
110375
110376
110378
110379
110380
110384
110407
110409
110410
110414
110415
110416
110419
110420
110422
110425
110432
110437
110438
110444
110447
110449
110453
110455
110480
110492
110514
110516
110518
110520
110521
110535
110537
110538
110543
110556
110579
110586
110588
110593
110594
110595
110596
110601
110603
110610
110611
110613
110616
110621
110625
110626
110631
110633
110639
110660
110662
110666
110667
110669
110672
110673
110675
110678
110689
110705
110713
110724
110731
110732
110745
110758
110763
110768
110770
110772
110781
110788
110812
110829
110830
110836
110839
110848
110873
110879
110886
110887
110904
110906
110907
110911
110921
110925
110928
110932
110935
110936
110938
110940
110950
110959
110963
110973
110985
110989
110991
111001
111008
111025
111027
111033
111034
111045
111068
111072
111083
111096
111102
111108
111117
111119
111124
111132
111136
111171
111176
111177
111180
111190
111192
111196
111201
111221
111224
111236
111238
111243
111247
111262
111264
111268
111274
111276
111290
111300
111320
111324
111334
111335
111336
111340
111348
111352
111356
111358
111359
111363
111367
111368
111371
111376
111388
111390
111393
111394
111395
111396
111397
111403
111406
111433
111441
111445
111447
111454
111460
111476
111478
111484
111504
111506
111508
111512
111515
111519
111522
111527
111528
111531
111536
111540
111565
111600
111603
111609
111612
111615
111627
111642
111648
111662
111672
111673
111690
111691
111692
111693
111694
111697
111704
111719
111726
111728
111731
111736
111745
111746
111755
111761
111779
111780
111790
111794
111796
111800
111805
111808
111810
111821
111826
111834
111835
111837
111857
111858
111859
111860
111867
111873
111874
111879
111882
111883
111885
111891
111893
111898
111899
111901
111903
111904
111912
111917
111935
111936
111940
111942
111943
111946
111956
111961
111962
111964
111978
111987
111992
112001
112012
112019
112022
112024
112025
112032
112041
112047
112051
112064
112073
112075
112076
112079
112084
112091
112092
112114
112117
112127
112128
112131
112147
112148
112160
112163
112174
112181
112196
112197
112198
112206
112211
112215
112217
112225
112231
112241
112256
112300
112302
112303
112312
112313
112335
112344
112348
112351
112365
112367
112376
112383
112384
112386
112388
112392
112412
112414
112415
112429
112432
112440
112445
112455
112457
112458
112495
112496
112507
112517
112519
112524
112534
112538
112546
112548
112550
112554
112555
112557
112561
112564
112570
112582
112591
112596
112597
112599
112600
112603
112612
112619
112622
112630
112633
112641
112652
112659
112660
112662
112671
112676
112677
112685
112689
112694
112697
112701
112704
112705
112706
112727
112738
112743
112749
112759
112760
112769
112771
112792
112796
112798
112800
112818
112837
112841
112842
112844
112845
112847
112848
112849
112852
112858
112860
112867
112882
112892
112896
112898
112904
112909
112910
112917
112919
112920
112923
112938
112942
112967
112970
112984
112987
112999
113002
113003
113005
113008
113017
113023
113024
113025
113026
113033
113034
113054
113056
113062
113064
113067
113079
113080
113081
113106
113111
113113
113114
113115
113116
113126
113127
113144
113146
113150
113153
113156
113170
113171
113183
113188
113192
113195
113200
113201
113207
113215
113224
113228
113236
113242
113246
113250
113260
113265
113268
113271
113273
113285
113288
113290
113298
113301
113302
113312
113313
113317
113322
113324
113325
113328
113331
113339
113341
113344
113345
113361
113373
113376
113379
113382
113386
113389
113391
113401
113404
113405
113417
113456
113459
113461
113476
113489
113494
113495
113497
113500
113525
113531
113537
113538
113541
113551
113556
113565
113567
113571
113576
113579
113581
113583
113585
113590
113591
113592
113605
113610
113612
113619
113628
113630
113636
113644
113654
113657
113663
113666
113676
113681
113682
113684
113691
113723
113727
113733
113744
113747
113748
113750
113766
113778
113780
113782
113790
113791
113792
113793
113802
113821
113822
113827
113830
113834
113835
113837
113841
113856
113888
113892
113893
113895
113915
113929
113939
113952
113955
113991
113999
114000
114002
114007
114013
114014
114019
114027
114030
114034
114036
114069
114073
114075
114077
114078
114087
114088
114096
114100
114106
114107
114121
114129
114135
114137
114155
114162
114166
114174
114179
114189
114190
114195
114198
114209
114210
114230
114231
114236
114237
114238
114263
114279
114301
114302
114304
114315
114320
114321
114332
114335
114339
114340
114341
114345
114354
114357
114367
114376
114380
114404
114409
114411
114424
114427
114452
114460
114462
114470
114474
114477
114499
114506
114511
114521
114543
114544
114546
114552
114562
114563
114565
114568
114569
114607
114627
114636
114639
114646
114650
114652
114657
114667
114671
114677
114681
114683
114685
114687
114688
114710
114715
114716
114730
114738
114743
114747
114759
114784
114793
114794
114797
114801
114802
114810
114816
114825
114828
114839
114853
114866
114875
114879
114880
114884
114903
114904
114906
114907
114931
114946
114947
114956
114964
115001
115002
115019
115020
115022
115029
115035
115039
115072
115088
115095
115096
115102
115107
115108
115109
115112
115117
115121
115129
115140
115155
115160
115179
115186
115187
115192
115201
115202
115203
115204
115216
115240
115250
115253
115264
115270
115271
115277
115282
115286
115293
115297
115299
115307
115315
115321
115331
115344
115351
115357
115369
115374
115379
115380
115384
115390
115393
115399
115400
115406
115416
115417
115418
115423
115445
115450
115468
115475
115481
115488
115492
115497
115504
115513
115514
115517
115533
115536
115539
115551
115552
115554
115555
115556
115569
115571
115586
115591
115602
115604
115610
115619
115622
115638
115651
115661
115663
115675
115684
115689
115695
115701
115707
115713
115715
115716
115722
115733
115752
115758
115770
115771
115773
115779
115785
115789
115798
115799
115800
115820
115831
115844
115846
115848
115852
115855
115860
115861
115883
115891
115893
115901
115918
115926
115934
115940
115971
115978
115987
115990
115993
116004
116013
116028
116031
116036
116040
116067
116069
116071
116091
116111
116118
116122
116128
116135
116137
116141
116151
116165
116173
116180
116183
116210
116215
116228
116239
116240
116249
116270
116277
116283
116284
116285
116286
116290
116292
116294
116297
116298
116299
116305
116323
116324
116328
116332
116345
116363
116378
116383
116384
116401
116405
116406
116416
116417
116434
116436
116437
116447
116450
116453
116456
116461
116463
116465
116472
116474
116479
116480
116512
116523
116527
116533
116535
116545
116552
116554
116555
116588
116606
116610
116613
116617
116618
116620
116623
116624
116625
116630
116632
116635
116650
116656
116684
116687
116695
116696
116697
116705
116712
116716
116717
116718
116719
116721
116728
116729
116731
116746
116749
116755
116762
116763
116773
116804
116805
116810
116818
116835
116838
116849
116851
116852
116858
116867
116872
116876
116882
116896
116908
116913
116922
116944
116966
116968
116971
116976
116979
117017
117023
117027
117028
117029
117052
117053
117058
117074
117095
117097
117114
117128
117130
117137
117138
117146
117149
117156
117157
117159
117199
117201
117202
117203
117207
117208
117211
117217
117219
117221
117251
117254
117257
117265
117267
117268
117272
117277
117288
117311
117325
117327
117333
117335
117341
117345
117347
117349
117351
117363
117366
117376
117400
117401
117421
117422
117423
117427
117429
117430
117435
117440
117447
117448
117452
117464
117466
117469
117472
117477
117479
117490
117508
117517
117519
117527
117541
117568
117575
117576
117586
117598
117602
117603
117614
117623
117631
117641
117654
117681
117685
117698
117700
117705
117706
117707
117712
117713
117716
117718
117725
117733
117743
117748
117750
117751
117752
117754
117756
117761
117779
117781
117787
117795
117800
117806
117830
117841
117844
117850
117861
117870
117884
117886
117890
117909
117913
117919
117931
117952
117955
117970
117984
117987
118001
118002
118004
118012
118015
118019
118022
118025
118028
118046
118048
118052
118065
118074
118076
118084
118092
118093
118099
118101
118110
118116
118117
118118
118124
118128
118133
118138
118143
118146
118152
118153
118163
118168
118172
118177
118180
118193
118196
118200
118203
118206
118211
118242
118244
118248
118253
118257
118260
118261
118263
118266
118269
118273
118282
118284
118286
118308
118310
118315
118318
118332
118343
118348
118353
118358
118374
118375
118376
118378
118386
118393
118394
118395
118405
118425
118429
118443
118448
118458
118468
118475
118477
118483
118484
118485
118492
118494
118498
118501
118502
118504
118525
118527
118535
118544
118545
118555
118559
118569
118573
118579
118581
118601
118606
118607
118614
118632
118640
118643
118646
118648
118652
118655
118656
118663
118694
118696
118705
118708
118712
118716
118719
118722
118725
118732
118735
118736
118738
118748
118755
118765
118772
118780
118783
118787
118788
118796
118830
118831
118835
118841
118848
118857
118868
118871
118877
118878
118897
118898
118902
118913
118916
118919
118921
118926
118940
118941
118942
118944
118948
118949
118956
118968
118969
118971
118975
118987
118995
118998
119007
119029
119040
119044
119045
119059
119061
119064
119069
119075
119080
119082
119105
119110
119118
119122
119133
119135
119152
119173
119179
119182
119184
119185
119188
119191
119194
119195
119199
119201
119203
119230
119241
119246
119250
119252
119264
119266
119270
119273
119275
119284
119305
119318
119333
119352
119362
119363
119369
119370
119382
119383
119399
119404
119408
119411
119412
119415
119417
119418
119423
119424
119425
119429
119430
119442
119451
119453
119462
119467
119471
119482
119490
119496
119520
119538
119539
119543
119547
119549
119561
119562
119566
119567
119591
119592
119601
119603
119608
119609
119611
119619
119620
119631
119633
119640
119644
119651
119656
119660
119662
119663
119667
119668
119669
119672
119676
119691
119696
119710
119715
119722
119727
119733
119735
119742
119743
119749
119757
119759
119768
119783
119791
119794
119797
119807
119811
119817
119820
119838
119840
119851
119856
119864
119871
119879
119880
119881
119883
119899
119904
119906
119908
119909
119910
119921
119931
119933
119940
119943
119945
119950
119957
119960
119962
119979
119982
119987
119989
119995
120000
120004
120011
120012
120025
120037
120040
120044
120045
120052
120058
120060
120075
120083
120084
120085
120088
120092
120096
120098
120099
120100
120114
120115
120135
120142
120144
120146
120153
120155
120156
120186
120190
120201
120209
120226
120232
120243
120263
120271
120278
120284
120286
120288
120290
120299
120310
120315
120333
120347
120364
120370
120373
120377
120378
120381
120391
120402
120403
120406
120408
120415
120423
120425
120428
120430
120434
120435
120439
120440
120444
120447
120449
120464
120470
120480
120482
120484
120499
120501
120507
120517
120519
120539
120542
120556
120558
120567
120569
120573
120584
120589
120593
120605
120609
120616
120623
120633
120653
120660
120662
120664
120667
120670
120673
120682
120687
120698
120699
120700
120718
120719
120723
120738
120739
120752
120761
120788
120790
120793
120799
120802
120805
120806
120808
120811
120817
120823
120824
120827
120847
120854
120867
120872
120873
120874
120877
120878
120886
120892
120893
120895
120902
120905
120911
120918
120920
120921
120928
120933
120953
120955
120961
120963
120965
120967
120969
120976
120982
120993
121010
121011
121012
121015
121025
121052
121064
121068
121069
121073
121075
121089
121091
121092
121131
121133
121137
121142
121143
121146
121173
121175
121176
121177
121182
121183
121206
121208
121229
121275
121279
121280
121284
121295
121296
121308
121319
121322
121325
121343
121344
121346
121355
121356
121364
121378
121380
121383
121384
121386
121393
121395
121407
121409
121411
121412
121428
121439
121450
121457
121461
121473
121488
121492
121493
121498
121505
121518
121528
121531
121541
121551
121562
121568
121594
121597
121609
121613
121614
121616
121619
121620
121621
121622
121623
121626
121633
121648
121650
121667
121669
121671
121675
121676
121678
121680
121692
121711
121717
121722
121728
121729
121736
121751
121759
121761
121764
121768
121777
121782
121789
121795
121796
121799
121802
121803
121807
121808
121811
121825
121826
121827
121835
121837
121840
121845
121866
121869
121877
121878
121885
121892
121897
121925
121935
121950
121958
121965
121968
121969
121970
121974
121975
121976
121983
122001
122006
122016
122017
122028
122033
122038
122052
122064
122071
122076
122078
122081
122084
122085
122086
122087
122097
122101
122102
122118
122123
122125
122145
122146
122148
122163
122166
122171
122176
122205
122208
122218
122220
122224
122226
122237
122244
122250
122251
122254
122256
122262
122292
122313
122320
122321
122323
122325
122326
122329
122330
122349
122360
122365
122373
122401
122411
122423
122426
122429
122435
122440
122443
122445
122460
122461
122465
122467
122481
122482
122500
122506
122519
122544
122547
122551
122553
122556
122557
122591
122601
122623
122647
122650
122653
122655
122676
122686
122689
122690
122718
122740
122743
122749
122751
122766
122773
122775
122778
122779
122780
122781
122783
122784
122786
122787
122789
122790
122793
122794
122799
122800
122802
122803
122810
122812
122817
122827
122828
122830
122832
122842
122845
122846
122853
122859
122861
122862
122866
122869
122875
122881
122884
122893
122900
122915
122916
122929
122936
122945
122946
122947
122952
122953
122975
122980
122981
122982
122986
122987
122988
122998
122999
123022
123027
123031
123032
123038
123039
123040
123042
123045
123048
123074
123075
123077
123094
123095
123096
123101
123102
123108
123111
123121
123124
123125
123135
123137
123140
123145
123153
123154
123155
123162
123164
123192
123200
123202
123204
123230
123235
123237
123239
123240
123242
123245
123247
123248
123250
123261
123262
123265
123276
123277
123279
123280
123282
123284
123285
123299
123303
123311
123324
123340
123341
123349
123363
123367
123368
123383
123403
123423
123427
123438
123439
123448
123458
123465
123467
123485
123488
123496
123510
123512
123517
123519
123530
123534
123535
123538
123540
123547
123552
123554
123556
123576
123595
123597
123609
123610
123611
123613
123616
123619
123621
123622
123626
123642
123644
123654
123656
123659
123661
123670
123680
123683
123699
123701
123705
123707
123727
123730
123737
123742
123744
123745
123779
123786
123794
123795
123801
123802
123812
123824
123845
123846
123847
123850
123853
123862
123880
123888
123889
123890
123893
123910
123928
123932
123933
123935
123937
123942
123946
123955
123959
123973
123976
123978
123981
123982
124008
124012
124022
124023
124033
124034
124035
124036
124041
124042
124046
124048
124050
124052
124055
124060
124084
124102
124110
124116
124132
124137
124148
124150
124161
124169
124170
124176
124181
124193
124194
124196
124197
124199
124202
124211
124216
124217
124220
124223
124225
124232
124241
124244
124254
124255
124259
124264
124267
124270
124272
124281
124294
124312
124319
124322
124324
124327
124331
124334
124338
124340
124342
124346
124348
124355
124366
124380
124382
124383
124388
124392
124397
124398
124418
124443
124445
124447
124449
124461
124463
124467
124469
124474
124494
124495
124506
124507
124508
124512
124519
124521
124526
124527
124528
124542
124562
124566
124567
124572
124575
124580
124584
124586
124593
124596
124597
124601
124614
124619
124621
124623
124628
124633
124635
124636
124647
124661
124669
124675
124694
124701
124702
124705
124712
124724
124727
124730
124745
124777
124778
124782
124784
124785
124786
124787
124789
124798
124800
124806
124809
124825
124827
124833
124844
124846
124848
124849
124854
124856
124859
124885
124891
124910
124919
124920
124925
124927
124932
124939
124951
124960
124961
124962
124968
124974
124975
124978
124981
124985
124986
124992
124999
125000
125011
125013
125019
125022
125033
125056
125059
125061
125072
125073
125081
125082
125103
125105
125111
125115
125124
125128
125131
125132
125143
125154
125156
125160
125169
125175
125178
125188
125195
125203
125213
125231
125233
125235
125242
125256
125258
125267
125271
125274
125277
125278
125279
125281
125283
125287
125288
125289
125291
125301
125306
125308
125310
125318
125319
125323
125327
125328
125329
125330
125332
125338
125344
125346
125354
125363
125377
125395
125404
125411
125412
125413
125416
125418
125433
125436
125439
125447
125453
125468
125471
125473
125481
125485
125493
125498
125504
125507
125509
125531
125542
125561
125562
125591
125603
125604
125606
125616
125620
125624
125637
125659
125667
125668
125692
125696
125704
125706
125718
125719
125722
125731
125751
125752
125757
125761
125764
125767
125771
125773
125774
125777
125783
125792
125796
125806
125807
125816
125833
125843
125868
125879
125882
125889
125892
125895
125904
125905
125906
125945
125946
125949
125953
125954
125957
125959
125961
125962
125966
125970
125971
125973
125974
125983
125985
126001
126002
126003
126012
126022
126030
126033
126037
126041
126042
126061
126071
126096
126099
126106
126112
126115
126116
126117
126126
126135
126143
126147
126152
126161
126162
126168
126169
126191
126192
126215
126216
126244
126249
126259
126264
126270
126275
126280
126281
126284
126285
126296
126297
126303
126304
126306
126313
126316
126327
126331
126350
126354
126361
126378
126379
126381
126382
126389
126390
126395
126397
126403
126404
126420
126422
126424
126430
126434
126436
126438
126439
126440
126441
126446
126447
126448
126471
126475
126477
126481
126482
126483
126484
126488
126494
126504
126507
126518
126523
126525
126526
126529
126537
126539
126555
126566
126568
126570
126574
126578
126582
126583
126587
126591
126598
126601
126617
126625
126637
126638
126639
126640
126641
126645
126646
126648
126660
126671
126672
126674
126690
126701
126702
126729
126747
126778
126791
126792
126809
126815
126824
126836
126843
126857
126859
126861
126866
126868
126886
126888
126891
126900
126902
126903
126916
126928
126931
126933
126939
126940
126948
126949
126952
126953
126957
126958
126963
126967
126968
126973
126974
126987
126999
127008
127018
127024
127033
127034
127055
127056
127067
127069
127072
127077
127078
127082
127084
127086
127088
127090
127096
127106
127122
127123
127128
127133
127135
127142
127148
127151
127155
127156
127157
127160
127166
127170
127181
127182
127189
127190
127198
127204
127219
127228
127229
127233
127235
127239
127241
127243
127251
127262
127265
127267
127274
127293
127297
127312
127315
127320
127325
127331
127332
127334
127336
127347
127352
127354
127355
127356
127357
127361
127362
127367
127369
127374
127394
127418
127426
127434
127439
127445
127449
127453
127458
127463
127481
127494
127498
127499
127500
127503
127510
127512
127518
127521
127537
127542
127547
127555
127562
127565
127566
127568
127569
127571
127572
127574
127578
127587
127590
127602
127606
127608
127617
127618
127626
127634
127640
127643
127644
127645
127659
127666
127676
127696
127702
127704
127711
127716
127731
127737
127751
127755
127756
127775
127778
127779
127784
127797
127799
127803
127813
127836
127841
127845
127848
127849
127854
127862
127866
127880
127889
127892
127893
127894
127898
127905
127926
127942
127955
127958
127975
127980
127983
127987
127990
127993
128000
128008
128040
128042
128048
128050
128057
128061
128065
128067
128102
128107
128113
128119
128121
128133
128134
128143
128144
128152
128155
128170
128177
128191
128192
128198
128201
128206
128208
128211
128214
128237
128260
128261
128266
128268
128274
128277
128278
128280
128283
128286
128288
128290
128291
128293
128294
128306
128315
128326
128330
128335
128337
128341
128349
128353
128362
128367
128375
128379
128381
128385
128396
128399
128406
128421
128423
128427
128434
128449
128455
128457
128462
128469
128471
128474
128486
128487
128488
128490
128491
128492
128496
128501
128503
128504
128505
128538
128539
128541
128545
128548
128549
128560
128561
128573
128593
128597
128600
128603
128613
128615
128617
128629
128631
128635
128637
128652
128653
128657
128661
128662
128663
128675
128689
128695
128703
128705
128708
128710
128713
128715
128716
128718
128729
128732
128747
128748
128756
128759
128766
128769
128772
128779
128780
128790
128798
128800
128803
128805
128819
128820
128823
128824
128846
128852
128870
128871
128876
128877
128878
128902
128907
128908
128912
128914
128920
128921
128923
128931
128938
128943
128945
128951
128967
128969
128979
128982
128987
128989
128998
129005
129012
129017
129022
129036
129043
129048
129050
129057
129062
129063
129065
129071
129072
129074
129080
129086
129091
129119
129125
129127
129131
129133
129135
129177
129183
129189
129195
129196
129203
129206
129217
129219
129228
129248
129256
129258
129260
129273
129279
129288
129296
129306
129321
129324
129338
129340
129342
129343
129344
129347
129352
129360
129361
129365
129392
129394
129398
129399
129400
129408
129418
129434
129437
129438
129439
129443
129449
129466
129469
129476
129479
129486
129487
129490
129506
129508
129512
129528
129546
129547
129548
129555
129557
129559
129560
129565
129567
129579
129585
129586
129597
129604
129608
129614
129624
129627
129630
129643
129655
129663
129665
129684
129699
129704
129709
129711
129714
129729
129737
129741
129743
129745
129747
129748
129749
129758
129760
129761
129777
129778
129794
129796
129797
129799
129800
129801
129804
129808
129810
129812
129814
129816
129818
129820
129821
129823
129824
129829
129837
129838
129847
129850
129855
129857
129868
129870
129896
129900
129904
129920
129922
129924
129931
129933
129934
129936
129939
129942
129944
129951
129954
129955
129959
129970
129972
129990
129999
130000
130003
130008
130020
130021
130022
130023
130024
130041
130042
130050
130058
130061
130064
130069
130075
130079
130100
130101
130128
130130
130134
130137
130147
130148
130155
130169
130187
130191
130194
130203
130206
130212
130213
130216
130219
130223
130228
130236
130239
130242
130246
130256
130263
130266
130269
130271
130278
130281
130284
130287
130290
130293
130296
130304
130323
130332
130336
130339
130344
130355
130359
130361
130363
130365
130376
130377
130381
130390
130393
130397
130404
130426
130428
130431
130439
130445
130447
130448
130452
130455
130459
130461
130465
130466
130469
130480
130481
130482
130494
130496
130498
130501
130508
130511
130518
130531
130537
130549
130555
130572
130574
130578
130583
130593
130599
130600
130606
130611
130616
130617
130624
130635
130654
130656
130657
130658
130673
130675
130685
130691
130695
130700
130703
130708
130709
130714
130738
130739
130741
130750
130752
130755
130758
130761
130767
130770
130784
130791
130804
130820
130824
130830
130840
130843
130851
130872
130879
130910
130917
130918
130919
130926
130928
130930
130932
130933
130935
130936
130939
130941
130947
130948
131007
131024
131029
131030
131070
131072
131085
131100
131103
131106
131110
131112
131127
131132
131133
131158
131160
131162
131163
131172
131173
131177
131199
131205
131209
131228
131231
131234
131235
131243
131249
131250
131259
131261
131263
131266
131267
131270
131274
131283
131284
131287
131297
131299
131308
131312
131328
131334
131335
131337
131339
131345
131350
131354
131356
131358
131363
131364
131391
131395
131398
131400
131401
131402
131404
131410
131414
131422
131455
131456
131459
131462
131480
131482
131488
131499
131500
131501
131518
131522
131528
131529
131538
131539
131544
131548
131554
131565
131568
131583
131604
131608
131611
131612
131625
131628
131632
131633
131636
131656
131659
131665
131666
131674
131678
131693
131707
131710
131721
131722
131724
131741
131747
131748
131751
131758
131767
131780
131782
131783
131785
131805
131806
131814
131825
131836
131847
131856
131864
131873
131875
131882
131883
131885
131886
131888
131908
131909
131913
131919
131921
131924
131925
131926
131929
131930
131931
131944
131955
131957
131958
131962
131972
131973
131977
131980
131990
131992
131993
131997
131998
132008
132014
132020
132022
132036
132041
132049
132050
132054
132078
132079
132107
132113
132114
132121
132128
132131
132140
132146
132160
132165
132169
132180
132183
132184
132192
132202
132212
132215
132232
132235
132237
132238
132239
132240
132264
132269
132277
132298
132305
132315
132322
132330
132341
132344
132348
132352
132358
132361
132362
132368
132372
132373
132374
132375
132378
132381
132382
132383
132387
132403
132409
132430
132431
132433
132435
132445
132450
132454
132469
132471
132473
132479
132491
132504
132514
132516
132520
132526
132527
132536
132544
132548
132551
132563
132564
132565
132566
132570
132580
132591
132605
132607
132618
132619
132633
132635
132648
132673
132683
132686
132688
132692
132699
132700
132702
132705
132708
132709
132726
132733
132740
132744
132753
132759
132760
132761
132764
132798
132799
132809
132812
132814
132821
132822
132834
132844
132848
132851
132852
132853
132854
132856
132857
132858
132863
132865
132867
132872
132892
132893
132899
132901
132907
132910
132913
132919
132922
132931
132932
132934
132941
132944
132961
132964
132966
132972
132987
132990
132992
132993
133004
133015
133045
133047
133048
133052
133055
133061
133063
133065
133076
133081
133089
133091
133092
133101
133103
133111
133126
133155
133160
133162
133170
133184
133203
133204
133209
133212
133214
133216
133217
133218
133241
133242
133248
133251
133260
133265
133278
133287
133303
133318
133325
133330
133333
133337
133342
133343
133349
133351
133353
133359
133369
133373
133380
133386
133388
133395
133404
133407
133412
133417
133419
133420
133427
133434
133444
133457
133470
133475
133480
133492
133503
133506
133508
133513
133514
133525
133526
133531
133533
133538
133552
133553
133566
133578
133581
133587
133595
133597
133598
133603
133607
133611
133616
133617
133618
133621
133626
133627
133633
133643
133647
133650
133655
133656
133663
133669
133673
133685
133688
133697
133707
133710
133712
133714
133719
133722
133724
133728
133732
133734
133736
133742
133755
133768
133769
133773
133781
133784
133786
133792
133794
133819
133831
133832
133842
133843
133845
133846
133847
133850
133852
133854
133877
133895
133897
133904
133906
133910
133915
133936
133942
133943
133961
133968
133970
133979
133987
133991
133993
133994
133999
134022
134028
134029
134034
134038
134040
134079
134080
134082
134083
134084
134087
134090
134091
134092
134093
134098
134141
134147
134162
134164
134166
134167
134168
134170
134200
134201
134208
134214
134217
134225
134227
134228
134236
134237
134239
134249
134254
134263
134264
134266
134271
134273
134288
134309
134315
134316
134320
134330
134334
134335
134338
134346
134354
134355
134368
134372
134376
134377
134383
134385
134388
134394
134397
134404
134412
134427
134431
134435
134440
134442
134449
134457
134466
134483
134489
134492
134509
134516
134519
134522
134523
134527
134541
134545
134554
134571
134573
134575
134587
134596
134599
134606
134607
134609
134617
134621
134627
134629
134630
134631
134633
134636
134642
134667
134670
134673
134676
134679
134686
134690
134693
134696
134715
134728
134739
134744
134747
134757
134764
134765
134797
134809
134813
134816
134818
134820
134828
134829
134830
134835
134836
134844
134845
134846
134848
134870
134880
134881
134883
134889
134895
134899
134902
134910
134913
134914
134931
134937
134939
134950
134952
134960
134964
134969
134979
134983
134993
135024
135031
135033
135036
135041
135042
135044
135045
135046
135047
135048
135059
135067
135078
135097
135106
135108
135109
135110
135113
135121
135125
135126
135129
135147
135149
135151
135179
135183
135184
135194
135195
135196
135198
135215
135219
135224
135230
135231
135245
135259
135265
135267
135270
135272
135273
135274
135277
135278
135285
135286
135288
135297
135300
135305
135309
135318
135322
135326
135329
135334
135335
135338
135346
135368
135369
135370
135375
135397
135401
135405
135423
135428
135433
135444
135445
135453
135454
135455
135460
135461
135466
135467
135501
135504
135510
135512
135516
135518
135521
135530
135544
135566
135567
135573
135575
135577
135582
135584
135585
135587
135593
135596
135614
135616
135617
135621
135634
135647
135672
135690
135698
135699
135704
135712
135720
135724
135731
135738
135772
135779
135780
135794
135798
135803
135808
135816
135823
135827
135837
135854
135859
135861
135865
135867
135871
135872
135873
135888
135891
135896
135897
135927
135928
135933
135941
135949
135953
135961
135973
135979
135987
135989
135991
135993
136021
136026
136030
136031
136032
136034
136049
136056
136057
136058
136059
136061
136074
136100
136113
136118
136125
136127
136128
136131
136137
136140
136143
136144
136148
136151
136155
136156
136158
136162
136169
136174
136191
136202
136211
136213
136224
136229
136238
136240
136247
136263
136264
136267
136294
136301
136302
136319
136324
136325
136334
136335
136336
136337
136347
136359
136364
136366
136367
136385
136413
136419
136432
136440
136451
136455
136456
136462
136466
136467
136504
136507
136509
136512
136514
136524
136528
136529
136532
136534
136541
136576
136581
136587
136616
136621
136624
136625
136631
136632
136651
136653
136656
136661
136666
136674
136679
136687
136690
136691
136692
136695
136697
136716
136727
136739
136744
136747
136749
136751
136753
136757
136758
136760
136769
136776
136777
136790
136796
136800
136807
136812
136819
136823
136829
136834
136840
136841
136855
136863
136882
136884
136886
136893
136897
136913
136920
136928
136930
136934
136935
136939
136949
136951
136978
136982
136984
136986
136991
136994
137003
137008
137011
137015
137018
137033
137042
137044
137045
137054
137062
137063
137064
137068
137070
137093
137095
137098
137100
137101
137128
137142
137143
137144
137145
137147
137157
137159
137161
137164
137165
137166
137168
137170
137171
137172
137173
137174
137188
137210
137239
137240
137248
137250
137253
137258
137259
137261
137265
137275
137278
137279
137280
137296
137299
137322
137330
137346
137351
137354
137361
137372
137373
137374
137389
137400
137406
137412
137414
137417
137420
137424
137428
137433
137459
137460
137465
137467
137471
137487
137499
137500
137512
137515
137516
137523
137529
137531
137532
137533
137542
137545
137555
137567
137570
137572
137583
137584
137585
137586
137590
137598
137613
137624
137630
137632
137633
137645
137654
137656
137674
137683
137694
137695
137699
137704
137706
137707
137711
137728
137744
137749
137752
137758
137766
137773
137776
137787
137798
137807
137827
137830
137833
137842
137850
137852
137853
137863
137897
137902
137904
137912
137916
137917
137922
137923
137927
137928
137929
137934
137935
137936
137940
137943
137950
137962
137963
137965
137968
137970
137971
137975
137976
137983
137989
137996
138003
138006
138011
138012
138025
138029
138041
138057
138059
138062
138065
138076
138080
138084
138086
138091
138112
138114
138120
138123
138129
138133
138156
138158
138167
138171
138173
138175
138176
138183
138189
138198
138200
138209
138212
138217
138219
138226
138229
138232
138239
138240
138259
138265
138279
138287
138288
138294
138297
138324
138331
138333
138336
138345
138347
138348
138354
138360
138361
138367
138369
138371
138377
138386
138387
138388
138395
138400
138402
138404
138407
138409
138411
138412
138427
138432
138442
138449
138451
138453
138457
138458
138461
138480
138482
138485
138495
138496
138498
138504
138505
138509
138538
138539
138541
138547
138553
138555
138557
138564
138566
138570
138576
138583
138596
138597
138599
138623
138624
138636
138642
138646
138658
138660
138661
138664
138665
138667
138669
138674
138678
138680
138685
138689
138693
138696
138703
138710
138711
138712
138714
138717
138718
138745
138747
138752
138755
138757
138764
138765
138771
138778
138783
138785
138787
138789
138798
138800
138808
138823
138833
138835
138840
138845
138850
138852
138870
138873
138881
138883
138885
138889
138891
138905
138928
138938
138939
138941
138975
138981
138983
138985
139003
139006
139009
139011
139013
139016
139022
139028
139030
139034
139035
139045
139051
139054
139055
139065
139066
139068
139069
139072
139078
139086
139087
139102
139109
139114
139115
139121
139122
139123
139125
139133
139135
139139
139140
139141
139143
139148
139151
139158
139161
139163
139165
139173
139176
139192
139193
139194
139201
139203
139220
139222
139231
139238
139241
139253
139259
139266
139271
139279
139284
139289
139292
139294
139314
139316
139331
139349
139354
139356
139358
139362
139363
139368
139375
139379
139389
139390
139394
139403
139405
139408
139413
139416
139419
139426
139441
139442
139448
139463
139477
139481
139491
139512
139516
139520
139524
139525
139528
139530
139539
139542
139563
139565
139568
139574
139576
139578
139583
139591
139600
139604
139613
139616
139617
139618
139633
139637
139638
139648
139667
139669
139687
139702
139704
139706
139713
139718
139725
139727
139730
139733
139736
139742
139745
139746
139747
139754
139757
139759
139778
139796
139800
139803
139805
139813
139814
139816
139817
139818
139821
139822
139826
139834
139845
139846
139856
139858
139860
139862
139871
139879
139884
139887
139890
139899
139902
139905
139914
139933
139936
139938
139944
139950
139951
139956
139957
139958
139972
139974
139975
139978
139988
139994
140001
140016
140019
140023
140026
140029
140030
140032
140040
140060
140064
140065
140078
140089
140092
140098
140101
140108
140109
140111
140114
140120
140122
140124
140126
140134
140141
140147
140150
140152
140161
140164
140165
140168
140172
140173
140174
140176
140178
140185
140186
140192
140194
140195
140201
140232
140235
140239
140261
140279
140283
140290
140292
140296
140297
140301
140308
140309
140315
140327
140344
140354
140355
140366
140367
140368
140369
140375
140386
140392
140396
140398
140402
140405
140414
140418
140419
140435
140442
140456
140458
140476
140477
140492
140503
140507
140520
140522
140523
140528
140529
140536
140543
140553
140555
140558
140565
140569
140577
140593
140608
140609
140618
140622
140623
140628
140633
140647
140653
140655
140656
140664
140665
140666
140668
140681
140696
140700
140702
140704
140707
140713
140719
140725
140737
140740
140746
140747
140752
140753
140755
140756
140757
140760
140764
140768
140773
140779
140781
140782
140790
140800
140804
140805
140809
140811
140816
140825
140830
140832
140841
140850
140855
140865
140866
140880
140897
140905
140906
140913
140915
140916
140918
140921
140923
140927
140928
140929
140936
140937
140938
140944
140946
140957
140960
140977
140983
140987
141004
141006
141008
141009
141012
141018
141029
141032
141044
141049
141059
141061
141073
141086
141088
141089
141091
141092
141103
141104
141105
141136
141141
141143
141144
141145
141148
141151
141156
141158
141163
141166
141168
141170
141179
141189
141195
141197
141201
141207
141208
141211
141214
141228
141231
141232
141233
141236
141237
141238
141245
141251
141254
141275
141284
141291
141295
141299
141313
141314
141315
141321
141329
141341
141351
141352
141358
141361
141362
141363
141370
141377
141380
141389
141395
141405
141419
141420
141423
141431
141440
141441
141453
141459
141475
141486
141499
141500
141501
141510
141513
141521
141523
141526
141534
141543
141557
141565
141571
141577
141584
141590
141593
141594
141596
141612
141614
141620
141631
141632
141641
141642
141644
141648
141662
141663
141667
141670
141674
141677
141692
141693
141696
141699
141702
141710
141713
141723
141728
141730
141735
141741
141750
141752
141773
141795
141800
141801
141802
141822
141834
141845
141849
141850
141852
141854
141862
141865
141866
141875
141885
141888
141893
141895
141896
141902
141903
141921
141923
141926
141933
141939
141944
141967
141982
141985
141988
141991
141994
141997
141998
142006
142008
142034
142035
142038
142047
142069
142072
142079
142087
142099
142114
142128
142133
142134
142135
142143
142145
142166
142170
142174
142186
142204
142205
142206
142210
142211
142220
142247
142253
142255
142256
142265
142266
142272
142284
142297
142304
142307
142308
142310
142311
142315
142322
142330
142335
142339
142349
142373
142379
142406
142409
142413
142423
142424
142437
142440
142445
142446
142448
142452
142461
142470
142471
142474
142482
142491
142499
142505
142510
142512
142513
142519
142541
142545
142548
142552
142553
142556
142563
142577
142603
142606
142613
142614
142623
142634
142635
142636
142641
142644
142670
142671
142702
142707
142710
142712
142717
142719
142720
142729
142736
142737
142741
142751
142759
142761
142767
142775
142777
142787
142788
142799
142804
142806
142809
142811
142812
142815
142818
142826
142830
142839
142848
142851
142855
142862
142869
142870
142871
142872
142873
142882
142905
142906
142914
142918
142919
142923
142924
142926
142927
142930
142931
142932
142936
142941
142947
142948
142949
142954
142955
142957
142974
142976
142979
142980
142983
142988
142993
143000
143001
143009
143010
143021
143029
143030
143039
143041
143057
143062
143063
143076
143078
143081
143083
143101
143110
143119
143120
143121
143124
143127
143130
143150
143152
143156
143165
143172
143184
143186
143190
143198
143203
143204
143220
143221
143228
143231
143233
143235
143238
143245
143246
143247
143251
143253
143255
143256
143265
143267
143272
143273
143275
143297
143313
143321
143329
143330
143333
143334
143339
143344
143346
143349
143365
143367
143370
143371
143377
143382
143385
143388
143392
143399
143400
143402
143413
143416
143417
143418
143420
143421
143422
143426
143430
143443
143446
143448
143449
143456
143462
143483
143490
143493
143523
143530
143532
143547
143556
143560
143561
143563
143574
143581
143586
143608
143613
143626
143638
143642
143648
143649
143664
143672
143674
143679
143681
143684
143685
143690
143692
143695
143715
143717
143723
143724
143729
143730
143735
143739
143740
143741
143744
143748
143750
143757
143759
143761
143769
143776
143780
143782
143788
143799
143824
143831
143832
143835
143849
143851
143864
143877
143898
143903
143904
143908
143909
143917
143921
143927
143928
143929
143939
143948
143969
143972
143974
143975
143977
143984
143985
143989
143991
143992
143994
144002
144004
144007
144011
144016
144027
144041
144049
144052
144056
144057
144064
144071
144072
144087
144088
144090
144091
144112
144122
144124
144127
144141
144143
144147
144148
144163
144164
144169
144176
144181
144186
144190
144191
144215
144216
144219
144223
144244
144253
144256
144259
144264
144265
144269
144279
144280
144283
144290
144295
144298
144302
144313
144317
144318
144323
144337
144341
144347
144350
144359
144365
144366
144369
144372
144382
144385
144387
144388
144396
144397
144399
144406
144419
144420
144436
144438
144440
144442
144443
144445
144447
144449
144451
144454
144469
144470
144472
144499
144503
144504
144513
144519
144525
144529
144536
144550
144556
144564
144567
144571
144573
144574
144575
144576
144577
144580
144587
144588
144589
144596
144605
144606
144610
144612
144616
144625
144631
144641
144646
144657
144660
144668
144685
144688
144692
144699
144713
144718
144723
144726
144733
144734
144737
144742
144746
144749
144756
144767
144772
144779
144780
144786
144789
144793
144796
144800
144803
144815
144817
144825
144831
144832
144837
144842
144844
144848
144856
144861
144862
144870
144872
144882
144884
144892
144898
144900
144902
144911
144917
144918
144926
144941
144949
144950
144959
144967
144980
144981
144985
144993
144994
145003
145004
145010
145012
145015
145016
145021
145028
145030
145034
145037
145049
145051
145052
145062
145063
145067
145075
145093
145105
145110
145115
145119
145126
145132
145138
145142
145151
145155
145158
145159
145161
145169
145181
145204
145207
145222
145226
145241
145254
145257
145268
145269
145270
145271
145280
145286
145287
145295
145300
145302
145306
145324
145332
145335
145341
145352
145353
145366
145375
145376
145378
145384
145385
145397
145398
145399
145407
145411
145412
145427
145428
145430
145432
145433
145439
145443
145446
145456
145461
145462
145465
145467
145480
145512
145514
145518
145525
145526
145530
145535
145536
145540
145542
145544
145553
145561
145562
145565
145566
145569
145574
145590
145591
145592
145603
145614
145616
145620
145626
145633
145634
145656
145660
145663
145667
145677
145687
145688
145689
145693
145711
145723
145724
145730
145733
145737
145738
145739
145742
145748
145750
145757
145758
145760
145769
145777
145780
145781
145791
145795
145797
145800
145810
145846
145856
145858
145859
145861
145868
145869
145870
145873
145875
145877
145880
145886
145891
145900
145908
145911
145914
145920
145923
145924
145926
145932
145937
145939
145941
145942
145947
145957
145961
145967
145977
145981
145983
145984
145988
145989
145998
146000
146003
146016
146021
146023
146029
146031
146033
146036
146037
146040
146047
146050
146051
146055
146062
146066
146069
146085
146086
146094
146095
146097
146102
146103
146108
146116
146118
146123
146125
146126
146129
146135
146138
146154
146159
146163
146177
146184
146185
146196
146197
146200
146207
146219
146225
146227
146228
146242
146243
146253
146259
146267
146269
146275
146278
146294
146299
146303
146305
146319
146325
146338
146339
146341
146347
146348
146349
146351
146352
146355
146359
146360
146368
146373
146390
146391
146396
146400
146407
146408
146414
146416
146418
146421
146424
146430
146431
146440
146443
146444
146467
146471
146475
146476
146479
146480
146489
146517
146520
146528
146551
146555
146569
146575
146578
146582
146584
146590
146594
146595
146596
146597
146613
146621
146629
146632
146639
146650
146651
146655
146658
146660
146663
146665
146666
146669
146670
146676
146681
146683
146686
146690
146696
146704
146711
146713
146724
146725
146728
146729
146730
146734
146749
146751
146755
146759
146761
146788
146794
146798
146801
146802
146809
146811
146827
146828
146832
146835
146838
146845
146847
146848
146863
146869
146870
146872
146879
146882
146904
146911
146918
146920
146921
146927
146928
146934
146936
146940
146949
146951
146953
146959
146960
146966
146986
146988
146989
146993
146994
146996
147000
147004
147008
147011
147020
147025
147027
147030
147031
147037
147040
147042
147054
147057
147078
147080
147083
147087
147093
147096
147097
147098
147103
147107
147108
147112
147123
147125
147127
147128
147129
147132
147140
147141
147143
147145
147146
147150
147168
147176
147184
147186
147199
147200
147202
147208
147213
147218
147232
147241
147244
147250
147252
147253
147256
147257
147259
147266
147269
147278
147283
147285
147292
147305
147311
147322
147326
147328
147333
147341
147342
147343
147351
147355
147356
147360
147361
147369
147372
147374
147390
147394
147402
147410
147413
147421
147423
147427
147431
147433
147436
147447
147450
147456
147457
147461
147469
147474
147479
147485
147487
147490
147499
147504
147506
147509
147514
147527
147531
147532
147539
147544
147547
147548
147552
147563
147567
147570
147577
147587
147593
147595
147601
147609
147616
147626
147646
147651
147656
147657
147658
147662
147666
147675
147680
147681
147686
147693
147697
147698
147699
147706
147708
147714
147719
147723
147725
147727
147728
147729
147730
147732
147733
147737
147748
147749
147751
147758
147760
147764
147766
147770
147771
147776
147785
147788
147796
147801
147802
147809
147820
147823
147825
147834
147842
147843
147845
147851
147856
147857
147861
147867
147875
147884
147885
147890
147892
147897
147911
147919
147926
147935
147938
147940
147943
147945
147946
147949
147950
147952
147954
147955
147956
147958
147961
147978
147988
147995
148016
148018
148025
148029
148031
148034
148035
148036
148037
148050
148067
148069
148072
148077
148079
148083
148085
148087
148093
148097
148108
148113
148117
148120
148147
148150
148152
148153
148157
148159
148160
148162
148163
148164
148169
148172
148175
148176
148181
148184
148195
148197
148200
148203
148207
148209
148214
148225
148228
148236
148238
148250
148256
148257
148258
148260
148262
148263
148278
148284
148294
148298
148306
148309
148326
148327
148330
148331
148333
148336
148337
148338
148339
148345
148350
148356
148371
148373
148374
148375
148376
148377
148378
148379
148384
148390
148400
148402
148403
148411
148417
148431
148432
148434
148435
148443
148444
148451
148454
148455
148463
148467
148469
148476
148477
148479
148480
148481
148485
148493
148503
148510
148514
148515
148516
148518
148519
148551
148554
148569
148577
148578
148579
148588
148589
148596
148603
148605
148608
148619
148624
148626
148632
148638
148639
148641
148642
148655
148656
148661
148662
148665
148667
148673
148675
148677
148679
148685
148687
148688
148695
148708
148710
148714
148717
148730
148736
148742
148743
148746
148747
148750
148752
148756
148757
148765
148766
148767
148768
148781
148789
148790
148791
148793
148801
148804
148812
148819
148821
148836
148840
148853
148857
148859
148876
148887
148888
148895
148899
148902
148904
148911
148913
148915
148917
148934
148937
148939
148941
148949
148953
148959
148972
148982
148983
148984
148992
148993
148996
149015
149021
149022
149030
149033
149042
149044
149045
149051
149056
149068
149069
149071
149074
149075
149091
149097
149101
149102
149103
149107
149109
149110
149112
149114
149115
149116
149119
149124
149127
149128
149133
149139
149154
149157
149161
149164
149169
149176
149178
149181
149183
149185
149192
149198
149202
149204
149205
149207
149220
149223
149232
149233
149235
149275
149287
149292
149293
149294
149314
149326
149327
149333
149334
149336
149339
149343
149348
149350
149366
149369
149370
149378
149392
149393
149395
149400
149412
149421
149427
149441
149444
149445
149448
149453
149464
149473
149475
149479
149481
149486
149488
149492
149493
149496
149516
149526
149539
149543
149546
149548
149549
149555
149557
149558
149561
149565
149585
149594
149595
149622
149623
149626
149629
149630
149633
149654
149657
149664
149668
149669
149677
149688
149690
149696
149698
149707
149709
149723
149728
149730
149736
149739
149745
149761
149766
149767
149771
149773
149775
149777
149778
149780
149781
149789
149791
149798
149802
149804
149807
149826
149830
149831
149837
149842
149849
149851
149860
149874
149878
149879
149882
149885
149889
149894
149895
149897
149906
149907
149909
149918
149926
149927
149933
149935
149936
149944
149958
149960
149964
149967
149977
149978
149996
150010
150018
150019
150023
150027
150029
150030
150032
150033
150034
150036
150037
150043
150044
150062
150069
150070
150071
150086
150093
150095
150096
150106
150113
150126
150129
150131
150133
150135
150160
150161
150162
150171
150178
150183
150195
150198
150207
150213
150233
150234
150237
150239
150240
150245
150248
150252
150253
150267
150284
150294
150296
150303
150304
150305
150310
150330
150331
150348
150356
150365
150373
150376
150384
150389
150392
150396
150398
150401
150414
150416
150422
150448
150460
150471
150481
150482
150490
150495
150512
150521
150522
150532
150534
150538
150539
150544
150566
150571
150573
150575
150577
150582
150586
150588
150589
150592
150593
150599
150602
150612
150629
150634
150642
150650
150702
150715
150725
150731
150735
150738
150740
150745
150746
150759
150763
150767
150796
150799
150801
150812
150815
150821
150841
150871
150876
150878
150882
150895
150897
150899
150903
150934
150959
151000
151006
151013
151017
151018
151091
151109
